I,DUID,TOTALCLEARED,RECORD,DAILY ENERGY,DAILY ENERGY RECORD,RAISEREG,AEMO RAISEREG,RAISE6SEC,AEMO RAISE6SEC,RAISE60SEC,AEMO RAISE60SEC,RAISE5MIN,AEMO RAISE5MIN,LOWERREG,AEMO LOWERREG,LOWER6SEC,AEMO LOWER6SEC,LOWER60SEC,AEMO LOWER60SEC,LOWER5MIN,AEMO LOWER5MIN
D,ARWF1,73.52732402,68.602,0,0,-,-,-,-,-,-,-,-,-,-,-,-,-,-,-,-
D,ASNENC1,0,0.0,0,0,-,-,48.0,48.0,30.0,30.0,23.0,23.0,-,-,-,-,-,-,-,-
D,ASSEL1,0,0.0,0,0,-,-,-,-,0.0,0.0,0.0,0.0,-,-,-,-,0.0,0.0,0.0,0.0
D,ASSENC1,0,0.0,0,0,-,-,0.0,0.0,0.0,1.0,0.0,0.0,-,-,-,-,-,-,-,-
D,BALBG1,0.0,0.0,0,0,0.0,0.0,20.0,20.0,30.0,30.0,28.416306625419395,30.0,0.0,0.0,-,-,-,-,-,-
D,BALBL1,0.0,0.0,0,0,28.0,0.0,-,-,-,-,-,-,0,0.0,10.0,10.0,30.0,30.0,20.0,20.0
D,BARCALDN,0.0,0.0,0,0,-,-,-,-,-,-,-,-,-,-,-,-,-,-,-,-
D,BBTHREE2,0.0,0.0,0,0,-,-,-,-,-,-,-,-,-,-,-,-,-,-,-,-
D,BERYLSF1,80.613,81.453,0,0,-,-,-,-,-,-,-,-,-,-,-,-,-,-,-,-
D,BLUFF1,25.263,30.954,0,0,-,-,-,-,-,-,-,-,-,-,-,-,-,-,-,-
D,BODWF1,70.976,73.481,0,0,-,-,-,-,-,-,-,-,-,-,-,-,-,-,-,-
D,BRAEMAR1,0.0,0.0,0,0,0,0.0,0,0.0,0,0.0,0,0.0,0,0.0,0,0.0,0,0.0,0,0.0
D,BRAEMAR2,0.0,0.0,0,0,0,0.0,0,0.0,0,0.0,0,0.0,0,0.0,0,0.0,0,0.0,0,0.0
D,BRAEMAR3,0.0,0.0,0,0,0,0.0,0,0.0,0,0.0,0,0.0,0,0.0,0,0.0,0,0.0,0,0.0
D,BRAEMAR6,0.0,0.0,0,0,-,-,-,-,-,-,-,-,-,-,-,-,-,-,-,-
D,BW01,620.0,605.57934,0,0,25.0,25.0,0,0.0,0,0.0,0,0.0,10.0,10.0,0,0.0,0,0.0,0,0.0
D,BW03,0.0,0.0,0,0,0,0.0,0,0.0,0,0.0,0,0.0,0,0.0,0,0.0,0,0.0,0,0.0
D,CG4,0.0,0.0,0,0,-,-,-,-,-,-,-,-,-,-,-,-,-,-,-,-
D,CLERMSF1,66.4685,21.0,0,0,-,-,-,-,-,-,-,-,-,-,-,-,-,-,-,-
D,CROWLWF1,27.387,26.508,0,0,-,-,-,-,-,-,-,-,-,-,-,-,-,-,-,-
D,DEVILS_G,56.0,56.0,0,0,0.0,0.0,8.0,0.43243,0.0,0.0,9.0,9.0,6.0,0.0,0.0,0.0,0.0,0.0,0.0,0.0
D,EILDON1,0.0,0.0,0,0,0,0.0,0,0.0,0,0.0,0,0.0,0,0.0,0.0,0.0,5.0,0.0,-,-
D,EILDON2,0.0,0.0,0,0,0,0.0,0,0.0,0,0.0,0,0.0,0,0.0,0.0,0.0,5.0,0.0,-,-
D,ER01,474.54455811194885,450.0,0,0,7.0,7.0,0.0,16.0,0.0,16.0,0.0,0.0,8.0,8.0,0.0,0.0,0.0,0.0,0.0,0.0
D,ER02,380.0,380.0,0,0,7.0,7.0,0.0,8.22613,0.0,16.0,0.0,0.0,8.0,8.0,0.0,0.0,0.0,0.0,0.0,0.0
D,ER03,450.0,450.0,0,0,7.0,7.0,16.0,0.0,16.0,16.0,0.0,0.0,8.0,8.0,0.0,0.0,0.0,0.0,0.0,0.0
D,ER04,450.0,450.0,0,0,7.0,7.0,11.048893374580416,0.0,5.483192279110682,16.0,0.0,0.0,8.0,8.0,0.0,0.0,0.0,0.0,0.0,0.0
D,FINLYSF1,114.748,123.109,0,0,-,-,-,-,-,-,-,-,-,-,-,-,-,-,-,-
D,GANNBG1,0.0,0.0,0,0,8.0,10.0,-,-,-,-,-,-,0,0.0,-,-,-,-,-,-
D,GORDON,207.63574337458058,179.40453,0,0,0.0,0.0,0.0,0.0,0.0,0.0,0.0,0.0,0.0,0.0,0.0,0.0,0.0,0.0,0.0,0.0
D,GSTONE1,124.96992481203007,130.0,0,0,10.0,10.0,5.0,5.0,5.0,5.0,0,0.0,4.969924812030072,0.0,10.0,10.0,15.0,10.0,0,0.0
D,GSTONE4,150.0,150.0,0,0,10.0,10.0,5.0,0.0,5.0,0.0,0,0.0,0.0,0.0,15.0,10.16659,15.0,14.4523,0,0.0
D,GSTONE6,120.0,130.0,0,0,10.0,10.0,5.0,5.0,5.0,11.55588,0,0.0,0.0,0.0,15.0,10.0,15.0,10.0,0,0.0
D,GULLRSF1,9.994,8.438,0,0,-,-,-,-,-,-,-,-,-,-,-,-,-,-,-,-
D,GULLRWF1,1.446,2.657,0,0,-,-,-,-,-,-,-,-,-,-,-,-,-,-,-,-
D,HDWF1,53.67,51.855,0,0,0,0.0,-,-,-,-,-,-,0,0.0,-,-,-,-,-,-
D,HDWF2,51.02,49.521,0,0,0,0.0,-,-,0,0.0,0,0.0,0,0.0,-,-,0,0.0,0,0.0
D,HDWF3,52.53,58.378,0,0,0,0.0,-,-,-,-,-,-,0,0.0,-,-,-,-,-,-
D,HPRL1,0.0,0.0,0,0,0.0,0.0,-,-,-,-,-,-,0.0,40.0,0,40.0,0,18.0,39.0,39.0
D,JBUTTERS,0.0,0.0,0,0,0,0.0,0,0.0,0,0.0,0,0.0,0,0.0,0,0.0,0,0.0,0,0.0
D,LBBG1,25.0,0.0,0,0,0.0,0.0,0.0,0.0,0.0,0.0,0.0,0.0,0.0,0.0,-,-,-,-,-,-
D,LBBL1,0.0,0.0,0,0,0.0,0.0,-,-,-,-,-,-,0.0,0.0,15.0,15.0,4.0,4.0,10.0,10.0
D,LD01,320.0,320.0,0,0,0.0,0.0,10.0,0.0,10.0,0.0,0,0.0,1.0,1.0,5.0,5.0,10.0,10.0,0,0.0
D,LD02,270.0,270.0,0,0,0,0.0,0,0.0,0,0.0,0,0.0,0,0.0,0,0.0,0,0.0,0,0.0
D,LD03,400.0,400.0,0,0,0.0,0.0,10.0,0.0,10.0,0.0,0,0.0,1.0,1.0,5.0,5.0,10.0,10.0,0,0.0
D,LD04,0.0,0.0,0,0,0,0.0,0,0.0,0,0.0,0,0.0,0,0.0,0,0.0,0,0.0,0,0.0
D,LIMOSF21,0.0,0.867,0,0,-,-,-,-,-,-,-,-,-,-,-,-,-,-,-,-
D,LKBONNY2,55.51441,64.65551,0,0,-,-,-,-,-,-,-,-,-,-,-,-,-,-,-,-
D,LNGS1,0.0,0.0,0,0,-,-,-,-,-,-,-,-,-,-,-,-,-,-,-,-
D,LOYYB1,0.0,0.0,0,0,0,0.0,0,0.0,0,0.0,0,0.0,0,0.0,0,0.0,0,0.0,0,0.0
D,LOYYB2,580.0,580.0,0,0,0.0,0.0,5.0,5.0,5.0,5.0,5.0,5.0,0.0,0.0,14.0,14.0,20.0,20.0,40.0,40.0
D,LYA2,530.0,530.0,0,0,0.0,0.0,5.0,0.0,5.0,0.0,0.0,0.0,10.0,10.0,5.0,5.0,10.0,10.0,10.0,10.0
D,LYA3,560.0,560.0,0,0,0.0,0.0,0,0.0,0,0.0,0,0.0,10.0,10.0,0,0.0,0,0.0,0,0.0
D,LYA4,560.0,560.0,0,0,0.0,0.0,5.0,0.0,5.0,0.0,0.0,0.0,10.0,10.0,5.0,5.0,10.0,10.0,10.0,10.0
D,MACKNTSH,0.0,0.0,0,0,0,0.0,0,0.0,0,0.0,0,0.0,0,0.0,0,0.0,0,0.0,0,0.0
D,MCKAY1,0.0,0.0,0,0,0,0.0,0,0.0,0,0.0,0,0.0,0.0,0.0,0.0,0.0,0.0,0.0,-,-
D,MEADOWBK,0.0,0.0,0,0,0,0.0,0,0.0,0,0.0,0,0.0,0,0.0,0,0.0,0,0.0,0,0.0
D,MP1,400.0,400.0,0,0,0.0,0.0,0.0,0.0,0.0,0.0,0.0,0.0,0,0.0,0,0.0,0,0.0,0,0.0
D,MP2,350.0,350.0,0,0,0.0,0.0,20.0,20.0,20.0,20.0,0.0,0.0,0,0.0,16.279715187969998,20.0,40.0,57.73734,40.0,40.0
D,MPP_2,330.0,330.0,0,0,0,0.0,-,-,-,-,-,-,0,0.0,-,-,-,-,-,-
D,MSTUART1,0.0,0.0,0,0,0,0.0,-,-,-,-,-,-,0,0.0,-,-,-,-,-,-
D,MUWAWF1,40.019,36.005,0,0,-,-,-,-,-,-,-,-,-,-,-,-,-,-,-,-
D,NPS,0.0,0.0,0,0,-,-,0,0.0,0,0.0,-,-,-,-,0,0.0,0,0.0,-,-
D,NYNGAN1,96.95,97.599,0,0,-,-,-,-,-,-,-,-,-,-,-,-,-,-,-,-
D,OAKEY2,0.0,0.0,0,0,0,0.0,-,-,0,0.0,0,0.0,0,0.0,-,-,0,0.0,0,0.0
D,POAT220,1.0,1.0,0,0,10.0,10.0,0,0.0,7.0,7.0,40.0,40.0,0.0,0.0,0.0,0.0,0.0,0.0,0.0,0.0
D,POR01,0.0,0.0,0,0,-,-,-,-,-,-,-,-,-,-,-,-,-,-,-,-
D,PPCCGT,0.0,175.0,0,0,0,0.0,0,0.0,0,0.0,0,0.0,0,0.0,0,0.0,0,0.0,0,0.0
D,PUMP1,0.0,0.0,0,0,-,-,0,0.0,0,0.0,0,0.0,-,-,-,-,-,-,-,-
D,QPS2,0.0,0.0,0,0,-,-,-,-,-,-,-,-,-,-,-,-,-,-,-,-
D,QPS5,0.0,0.0,0,0,0,0.0,0,0.0,-,-,-,-,0,0.0,0,0.0,-,-,-,-
D,REECE1,0.0,0.0,0,0,0,0.0,0,0.0,0,0.0,0,0.0,0,0.0,0,0.0,0,0.0,0,0.0
D,REECE2,0.0,0.0,0,0,0,0.0,20.0,20.0,0,0.0,0,0.0,0,0.0,0,0.0,0,0.0,0,0.0
D,RT_VIC12,0.0,0.0,0,0,-,-,-,-,-,-,-,-,-,-,-,-,-,-,-,-
D,RT_VIC3,0.0,0.0,0,0,-,-,-,-,-,-,-,-,-,-,-,-,-,-,-,-
D,RT_VIC4,0.0,0.0,0,0,-,-,-,-,-,-,-,-,-,-,-,-,-,-,-,-
D,SNOWNTH1,104.546,77.16482,0,0,-,-,-,-,-,-,-,-,-,-,-,-,-,-,-,-
D,STAN-1,220.0,220.0,0,0,0,0.0,0,0.0,0,0.0,-,-,0,0.0,0,0.0,0,0.0,0,0.0
D,STAN-2,0.0,0.0,0,0,0,0.0,0,0.0,0,0.0,-,-,0,0.0,0,0.0,0,0.0,0,0.0
D,STAN-3,220.0,220.0,0,0,0.0,0.0,5.0,5.0,5.0,5.0,-,-,6.0,1.0,15.0,15.0,15.0,15.0,0.0,0.0
D,TARONG#4,225.0,225.0,0,0,0.0,0.0,10.0,10.0,5.0,5.0,5.0,5.0,7.0,0.0,20.0,8.57143,15.0,6.42857,0.0,0.0
D,TORRA1,0.0,0.0,0,0,0,0.0,0,0.0,0,0.0,-,-,0,0.0,0,0.0,0,0.0,-,-
D,TORRA2,0.0,0.0,0,0,0,0.0,0,0.0,0,0.0,-,-,0,0.0,0,0.0,0,0.0,-,-
D,TORRA3,0.0,0.0,0,0,0,0.0,0,0.0,0,0.0,-,-,0,0.0,0,0.0,0,0.0,-,-
D,TORRB1,0.0,0.0,0,0,0,0.0,0,0.0,0,0.0,0,0.0,0,0.0,0,0.0,0,0.0,0,0.0
D,TORRB2,0.0,0.0,0,0,0,0.0,0,0.0,0,0.0,0,0.0,0,0.0,0,0.0,0,0.0,0,0.0
D,TORRB3,60.0,60.0,0,0,0.0,5.0,5.0,5.0,20.0,27.27273,0.0,0.0,10.0,0.0,10.0,10.0,10.0,10.0,8.831224812030086,0.0
D,TORRB4,40.0,40.0,0,0,0.0,0.0,5.0,0.0,20.0,0.0,0,0.0,0.0,0.0,10.0,0.0,10.0,0.0,0,0.0
D,TRIBUTE,89.0,89.0,0,0,0,0.0,9.0,0.69231,0.0,0.0,0,0.0,0,0.0,0.0,0.0,0.0,16.0,0,0.0
D,TUMUT3,0.0,0.0,0,0,0,0.0,0,0.0,0,0.0,10.0,10.0,0,0.0,0,0.0,0,0.0,0,0.0
D,TUNGATIN,5.0,5.0,0,0,5.0,24.0,25.0,25.0,128.34541772088934,110.0,24.695436856361937,0.0,4.030075187969925,4.0,0.0,0.0,0.0,0.0,4.030075187969925,0.0
D,UPPTUMUT,340.0,340.0,0,0,6.0,6.0,0,0.0,0,0.0,6.0,6.0,20.0,10.0,0,0.0,0,0.0,20.0,20.0
D,VP6,600.0,550.0,0,0,0.0,0.0,15.0,15.0,15.0,15.0,10.0,10.0,0.0,0.0,0.0,0.0,0.0,0.0,0.0,0.0
D,VPGS2,0.0,0.0,0,0,-,-,-,-,-,-,-,-,-,-,-,-,-,-,-,-
D,VSSAE1V1,0,0.0,0,0,-,-,1.0,1.0,1.0,1.0,1.0,1.0,-,-,1.0,2.0,1.0,2.0,1.0,2.0
D,VSSEL1V1,0,0.0,0,0,-,-,4.0,0.0,4.0,0.0,4.0,0.0,-,-,4.0,0.0,4.0,0.0,4.0,0.0
D,W/HOE#1,0.0,0.0,0,0,-,-,-,-,0,0.0,0,0.0,-,-,-,-,-,-,-,-
D,W/HOE#2,0.0,0.0,0,0,-,-,-,-,0,0.0,0,0.0,-,-,-,-,-,-,-,-
D,WHITSF1,0.0,0.0,0,0,-,-,-,-,-,-,-,-,-,-,-,-,-,-,-,-
D,WKIEWA1,7.0,7.0,0,0,0,0.0,5.0,0.0,4.0,0.0,-,-,0,0.0,0.0,0.0,2.0,2.0,-,-
D,WKIEWA2,0.0,0.0,0,0,0,0.0,0,0.0,0,0.0,-,-,0,0.0,0,0.0,0,0.0,-,-
D,WRSF1,0.0,3.622,0,0,-,-,-,-,-,-,-,-,-,-,-,-,-,-,-,-
D,YWPS1,0.0,0.0,0,0,0,0.0,0,0.0,0,0.0,0,0.0,0,0.0,0,0.0,0,0.0,0,0.0
D,YWPS2,350.0,350.0,0,0,0.0,0.0,0.0,0.0,0.0,0.0,0.0,0.0,0.0,0.0,10.0,12.24964,20.0,20.0,10.0,10.0
D,YWPS3,396.0,396.0,0,0,0,0.0,0.0,0.0,0.0,0.0,0,0.0,0,0.0,0,0.0,0,0.0,0,0.0
D,YWPS4,396.0,396.0,0,0,0,0.0,0.0,0.0,0.0,0.0,0,0.0,0,0.0,0,0.0,0,0.0,0,0.0
D,AGLSOM,40.0,40.0,0,0,-,-,-,-,-,-,-,-,-,-,-,-,-,-,-,-
D,APD01,0,0.0,0,0,-,-,30.0,30.0,40.0,50.0,65.0,65.0,-,-,0.0,0.0,0.0,0.0,0.0,0.0
D,ASNAES1,0,0.0,0,0,-,-,2.0,0.0,2.0,0.0,2.0,0.0,-,-,1.0,0.0,1.0,0.0,1.0,0.0
D,ASQENC1,0,0.0,0,0,-,-,15.0,15.0,7.0,7.0,8.0,8.0,-,-,-,-,-,-,-,-
D,ASTHYD1,0,0.0,0,0,-,-,76.0,74.11601,-,-,-,-,-,-,-,-,-,-,-,-
D,BARKIPS1,0.0,0.0,0,0,0,0.0,0,0.0,0,0.0,0,0.0,0,0.0,0,0.0,0,0.0,0,0.0
D,BARRON-1,5.0,5.0,0,0,-,-,-,-,-,-,-,-,-,-,-,-,-,-,-,-
D,BASTYAN,71.0,71.0,0,0,0.0,0.0,4.0,0.48,0.0,0.0,6.473684210526315,6.47368,0.0,0.0,0.0,0.0,0.0,0.0,0,0.0
D,BOCORWF1,34.167,37.312,0,0,-,-,-,-,-,-,-,-,-,-,-,-,-,-,-,-
D,BROKENH1,49.22,49.442,0,0,-,-,-,-,-,-,-,-,-,-,-,-,-,-,-,-
D,BW02,620.0,605.57934,0,0,25.0,25.0,0,0.0,0,0.0,0,0.0,10.0,10.0,0,0.0,0,0.0,0,0.0
D,BW04,620.0,605.57934,0,0,25.0,25.0,0,0.0,0,0.0,0,0.0,15.0,15.0,0,0.0,0,0.0,0,0.0
D,CALL_B_1,0.0,0.0,0,0,0,0.0,0,0.0,0,0.0,0,0.0,0,0.0,0,0.0,0,0.0,0,0.0
D,CALL_B_2,165.0,165.0,0,0,0,0.0,0,0.0,0,0.0,0,0.0,0,0.0,0,0.0,0,0.0,0,0.0
D,CTHLWF1,16.744,30.16,0,0,-,-,-,-,-,-,-,-,-,-,-,-,-,-,-,-
D,DALNTH01,0.0,0.0,0,0,-,-,27.0,30.0,27.0,30.0,27.0,30.0,-,-,-,-,-,-,-,-
D,DDPS1,0.0,0.0,0,0,0,0.0,-,-,-,-,-,-,0,0.0,-,-,-,-,-,-
D,DG_QLD1,0.0,0.0,0,0,-,-,-,-,-,-,-,-,-,-,-,-,-,-,-,-
D,DRYCGT3,0.0,0.0,0,0,-,-,-,-,-,-,-,-,-,-,-,-,-,-,-,-
D,EMERASF1,0.0,64.319,0,0,-,-,-,-,-,-,-,-,-,-,-,-,-,-,-,-
D,FISHER,31.0,31.0,0,0,0.0,0.0,2.0,2.0,0.0,0.0,15.0,2.11175,0.0,0.0,0.0,0.0,0,0.0,0,0.0
D,GSTONE2,125.0,130.0,0,0,10.0,10.0,5.0,5.0,5.0,5.0,0,0.0,5.0,0.0,11.279374812030028,10.0,16.279374812030028,10.0,0,0.0
D,GSTONE3,0.0,0.0,0,0,0,0.0,0,0.0,0,0.0,0,0.0,0,0.0,0,0.0,0,0.0,0,0.0
D,GSTONE5,0.0,0.0,0,0,0,0.0,0,0.0,0,0.0,0,0.0,0,0.0,0,0.0,0,0.0,0,0.0
D,GUNNING1,0.001,0.488,0,0,-,-,-,-,-,-,-,-,-,-,-,-,-,-,-,-
D,GUTHEGA,0.0,0.0,0,0,0,0.0,-,-,0,0.0,0,0.0,0,0.0,-,-,0,0.0,0,0.0
D,HPRG1,0.0,27.0,0,0,0,2.0,0,61.0,0,18.0,0,39.0,0,27.0,-,-,-,-,-,-
D,JLB01,0.0,0.0,0,0,-,-,-,-,-,-,-,-,-,-,-,-,-,-,-,-
D,JLB02,0.0,0.0,0,0,-,-,-,-,-,-,-,-,-,-,-,-,-,-,-,-
D,KAREEYA2,0.0,0.0,0,0,-,-,-,-,-,-,-,-,-,-,-,-,-,-,-,-
D,KSP1,47.0,47.0,0,0,-,-,-,-,-,-,-,-,-,-,-,-,-,-,-,-
D,LADBROK1,0.0,0.0,0,0,-,-,-,-,-,-,-,-,-,-,-,-,-,-,-,-
D,LEM_WIL,55.0,63.0,0,0,0,0.0,0,0.0,0,0.0,0,0.0,0,0.0,0,0.0,0,0.0,0,0.0
D,LK_ECHO,0.0,0.0,0,0,-,-,-,-,-,-,-,-,-,-,-,-,-,-,-,-
D,LONSDALE,0.0,0.0,0,0,0,0.0,-,-,-,-,-,-,0,0.0,-,-,-,-,-,-
D,LYA1,560.0,560.0,0,0,0.0,0.0,5.0,0.0,5.0,0.0,0.0,0.0,10.0,10.0,0,0.0,0,0.0,0,0.0
D,MANSLR1,37.809,38.393,0,0,-,-,-,-,-,-,-,-,-,-,-,-,-,-,-,-
D,MOREESF1,49.9,51.345,0,0,-,-,-,-,-,-,-,-,-,-,-,-,-,-,-,-
D,MORTLK11,0.0,0.0,0,0,0,0.0,-,-,-,-,-,-,0,0.0,-,-,-,-,-,-
D,MORTLK12,0.0,0.0,0,0,0,0.0,-,-,-,-,-,-,0,0.0,-,-,-,-,-,-
D,MSTUART3,0.0,0.0,0,0,-,-,-,-,-,-,-,-,-,-,-,-,-,-,-,-
D,MTGELWF1,3.785,4.24,0,0,-,-,-,-,-,-,-,-,-,-,-,-,-,-,-,-
D,MURRAY,0.0,0.0,0,0,0,0.0,0,0.0,0,0.0,0,0.0,0,0.0,0,0.0,0,0.0,0,0.0
D,OAKEY1,0.0,0.0,0,0,0,0.0,-,-,0,0.0,0,0.0,0,0.0,-,-,0,0.0,0,0.0
D,OSB-AG,0.0,0.0,0,0,0,0.0,0,0.0,0,0.0,0,0.0,0,0.0,0,0.0,0,0.0,0,0.0
D,PUMP2,0.0,0.0,0,0,-,-,0,0.0,0,0.0,0,0.0,-,-,-,-,-,-,-,-
D,RT_NSW2,0.0,0.0,0,0,-,-,-,-,-,-,-,-,-,-,-,-,-,-,-,-
D,RT_VIC6,0.0,0.0,0,0,-,-,-,-,-,-,-,-,-,-,-,-,-,-,-,-
D,RT_VIC8,0.0,0.0,0,0,-,-,-,-,-,-,-,-,-,-,-,-,-,-,-,-
D,RUGBYR1,62.596,61.442,0,0,-,-,-,-,-,-,-,-,-,-,-,-,-,-,-,-
D,SNOWTWN1,90.026,79.273,0,0,-,-,-,-,-,-,-,-,-,-,-,-,-,-,-,-
D,STAN-4,220.0,220.0,0,0,0.0,0.0,5.0,5.0,5.0,5.0,-,-,6.0,1.0,15.0,15.0,15.0,15.0,0.0,0.0
D,STWF1,53.429,50.612,0,0,-,-,-,-,-,-,-,-,-,-,-,-,-,-,-,-
D,SWAN_E,0.0,0.0,0,0,0,0.0,-,-,0,0.0,-,-,0,0.0,-,-,0,0.0,-,-
D,TARALGA1,1.347,2.237,0,0,-,-,-,-,-,-,-,-,-,-,-,-,-,-,-,-
D,TARONG#2,225.0,225.0,0,0,0.0,0.0,10.0,10.0,5.0,5.0,5.0,5.0,7.0,0.0,20.0,8.57143,15.0,6.42857,0.0,0.0
D,TARONG#3,225.0,225.0,0,0,0,0.0,0,0.0,0,0.0,0,0.0,0,0.0,0,0.0,0,0.0,0,0.0
D,TREVALLN,53.0,53.0,0,0,0.0,0.0,10.0,5.29412,0.0,0.0,24.0,24.0,0.0,0.0,0.0,0.0,0.0,0.0,0.0,0.0
D,URANQ11,0.0,0.0,0,0,-,-,-,-,-,-,-,-,-,-,-,-,-,-,-,-
D,VENUS1,0,0.0,0,0,-,-,20.0,20.0,14.0,14.0,7.0,7.0,-,-,-,-,-,-,-,-
D,VP5,0.0,0.0,0,0,0,0.0,0,0.0,0,0.0,0,0.0,0,0.0,0,0.0,0,0.0,0,0.0
D,WGWF1,88.356,92.211,0,0,-,-,-,-,-,-,-,-,-,-,-,-,-,-,-,-
D,WRWF1,9.775,10.927,0,0,-,-,-,-,-,-,-,-,-,-,-,-,-,-,-,-
D,YARANSF1,52.0,52.0,0,0,-,-,-,-,-,-,-,-,-,-,-,-,-,-,-,-
D,BULGANA1,37.501,28.507,0,0,-,-,-,-,-,-,-,-,-,-,-,-,-,-,-,-
D,CETHANA,80.0,80.0,0,0,0.0,0.0,10.0,2.10526,0.0,0.0,17.0,17.0,25.0,18.0,0.0,0.0,9.76741518796996,14.0,0.0,0.0
D,CHILDSF1,43.219,43.58,0,0,-,-,-,-,-,-,-,-,-,-,-,-,-,-,-,-
D,COOPGWF1,0.0,0.0,0,0,-,-,-,-,-,-,-,-,-,-,-,-,-,-,-,-
D,CPP_3,215.0,215.0,0,0,-,-,-,-,-,-,-,-,-,-,-,-,-,-,-,-
D,DARTM1,0.0,0.0,0,0,0,0.0,0,0.0,0,0.0,0,0.0,0,0.0,0,0.0,0,0.0,-,-
D,DRYCGT2,0.0,0.0,0,0,-,-,-,-,-,-,-,-,-,-,-,-,-,-,-,-
D,GOONSF1,66.547,66.984,0,0,-,-,-,-,-,-,-,-,-,-,-,-,-,-,-,-
D,HAYMSF1,36.421,36.0,0,0,-,-,-,-,-,-,-,-,-,-,-,-,-,-,-,-
D,HVGTS,0.0,0.0,0,0,-,-,-,-,-,-,-,-,-,-,-,-,-,-,-,-
D,KAREEYA4,5.0,5.0,0,0,-,-,-,-,-,-,-,-,-,-,-,-,-,-,-,-
D,LI_WY_CA,148.0,148.0,0,0,0,0.0,18.0,1.48235,0.0,0.0,9.057692307692308,9.05769,0,0.0,0.0,0.0,0.0,0.0,30.0,45.8613
D,MARYRSF1,15.0,15.0,0,0,-,-,-,-,-,-,-,-,-,-,-,-,-,-,-,-
D,MUSSELR1,107.575,87.428,0,0,-,-,-,-,-,-,-,-,-,-,-,-,-,-,-,-
D,OAKEY2SF,37.067,37.489,0,0,-,-,-,-,-,-,-,-,-,-,-,-,-,-,-,-
D,OAKLAND1,12.742,7.63,0,0,-,-,-,-,-,-,-,-,-,-,-,-,-,-,-,-
D,POAT110,0.0,0.0,0,0,10.0,10.0,0,0.0,0,0.0,0,0.0,0,0.0,0,0.0,0,0.0,0,0.0
D,RT_NSW1,0.0,0.0,0,0,-,-,-,-,-,-,-,-,-,-,-,-,-,-,-,-
D,RT_SA6,0.0,0.0,0,0,-,-,-,-,-,-,-,-,-,-,-,-,-,-,-,-
D,SITHE01,0.0,0.0,0,0,-,-,-,-,-,-,-,-,-,-,-,-,-,-,-,-
D,SNOWYP,0.0,0.0,0,0,-,-,0,0.0,0,0.0,0,0.0,-,-,-,-,-,-,0,0.0
D,SRSF1,64.398,64.66,0,0,-,-,-,-,-,-,-,-,-,-,-,-,-,-,-,-
D,TORRA4,0.0,0.0,0,0,0,0.0,0,0.0,0,0.0,-,-,0,0.0,0,0.0,0,0.0,-,-
D,TVCC201,0.0,0.0,0,0,-,-,-,-,-,-,-,-,-,-,0,0.0,0,0.0,0,0.0
D,VPGS4,0.0,0.0,0,0,-,-,-,-,-,-,-,-,-,-,-,-,-,-,-,-
D,VPGS6,0.0,0.0,0,0,-,-,-,-,-,-,-,-,-,-,-,-,-,-,-,-
D,AGLHAL,0.0,0.0,0,0,-,-,-,-,-,-,-,-,-,-,-,-,-,-,-,-
D,BDL01,0.0,0.0,0,0,-,-,-,-,-,-,-,-,-,-,-,-,-,-,-,-
D,BNGSF1,102.345,100.403,0,0,-,-,-,-,-,-,-,-,-,-,-,-,-,-,-,-
D,BRAEMAR5,0.0,0.0,0,0,-,-,-,-,-,-,-,-,-,-,-,-,-,-,-,-
D,BRAEMAR7,0.0,0.0,0,0,-,-,-,-,-,-,-,-,-,-,-,-,-,-,-,-
D,CG2,0.0,0.0,0,0,-,-,-,-,-,-,-,-,-,-,-,-,-,-,-,-
D,CHYTWF1,2.803,5.519,0,0,-,-,-,-,-,-,-,-,-,-,-,-,-,-,-,-
D,CPP_4,0.0,0.0,0,0,-,-,-,-,-,-,-,-,-,-,-,-,-,-,-,-
D,CPSA,0.0,0.0,0,0,-,-,-,-,-,-,-,-,-,-,-,-,-,-,-,-
D,DALNTHL1,0.0,0.0,0,0,-,-,-,-,-,-,-,-,-,-,26.0,28.0,26.0,28.0,5.0,6.0
D,DARLSF1,0.0,0.0,0,0,-,-,-,-,-,-,-,-,-,-,-,-,-,-,-,-
D,GULLRWF2,0.0,0.0,0,0,-,-,-,-,-,-,-,-,-,-,-,-,-,-,-,-
D,HALLWF2,66.698,58.63,0,0,-,-,-,-,-,-,-,-,-,-,-,-,-,-,-,-
D,JLA01,0.0,0.0,0,0,-,-,-,-,-,-,-,-,-,-,-,-,-,-,-,-
D,KIATAWF1,7.507,8.484,0,0,-,-,-,-,-,-,-,-,-,-,-,-,-,-,-,-
D,LKBONNY3,0.0,15.8589,0,0,-,-,-,-,-,-,-,-,-,-,-,-,-,-,-,-
D,MACKAYGT,0.0,0.0,0,0,-,-,-,-,-,-,13.0,13.0,-,-,-,-,-,-,-,-
D,NBHWF1,100.122,92.911,0,0,-,-,-,-,-,-,-,-,-,-,-,-,-,-,-,-
D,PARSF1,46.306,49.083,0,0,-,-,-,-,-,-,-,-,-,-,-,-,-,-,-,-
D,POR03,0.0,0.0,0,0,-,-,-,-,-,-,-,-,-,-,-,-,-,-,-,-
D,QPS1,0.0,0.0,0,0,-,-,-,-,-,-,-,-,-,-,-,-,-,-,-,-
D,QPS4,0.0,0.0,0,0,-,-,-,-,-,-,-,-,-,-,-,-,-,-,-,-
D,ROMA_7,0.0,0.0,0,0,-,-,-,-,-,-,-,-,-,-,-,-,-,-,-,-
D,RT_NSW5,0.0,0.0,0,0,-,-,-,-,-,-,-,-,-,-,-,-,-,-,-,-
D,RT_VIC5,0.0,0.0,0,0,-,-,-,-,-,-,-,-,-,-,-,-,-,-,-,-
D,RT_VIC9,0.0,0.0,0,0,-,-,-,-,-,-,-,-,-,-,-,-,-,-,-,-
D,SHGEN,0.0,0.0,0,0,-,-,-,-,-,-,-,-,-,-,-,-,-,-,-,-
D,SNOWYGJP,0,0.0,0,0,-,-,0.0,0.0,0.0,0.0,0.0,0.0,-,-,-,-,-,-,-,-
D,SNUG1,0.0,0.0,0,0,-,-,-,-,-,-,-,-,-,-,-,-,-,-,-,-
D,TARONG#1,175.0,175.0,0,0,0,0.0,0,0.0,0,0.0,0,0.0,0,0.0,0,0.0,0,0.0,0,0.0
D,TARRALEA,75.1,75.1,0,0,-,-,-,-,-,-,-,-,-,-,0,0.0,-,-,-,-
D,WOODLWN1,0.0,0.509,0,0,-,-,-,-,-,-,-,-,-,-,-,-,-,-,-,-
D,YARWUN_1,0.0,0.0,0,0,-,-,-,-,-,-,-,-,-,-,-,-,-,-,-,-
D,BANN1,62.5802269,60.1,0,0,-,-,-,-,-,-,-,-,-,-,-,-,-,-,-,-
D,CG3,0.0,0.0,0,0,-,-,-,-,-,-,-,-,-,-,-,-,-,-,-,-
D,DDSF1,102.158,103.428,0,0,-,-,-,-,-,-,-,-,-,-,-,-,-,-,-,-
D,DG_NSW1,0.0,0.0,0,0,-,-,-,-,-,-,-,-,-,-,-,-,-,-,-,-
D,DRYCGT1,0.0,0.0,0,0,-,-,-,-,-,-,-,-,-,-,-,-,-,-,-,-
D,DUNDWF1,56.523,50.229,0,0,-,-,-,-,-,-,-,-,-,-,-,-,-,-,-,-
D,GANNBL1,10.0,10.0,0,0,10.0,10.0,-,-,-,-,-,-,0,0.0,-,-,-,-,-,-
D,HAMISF1,46.6765,45.698,0,0,-,-,-,-,-,-,-,-,-,-,-,-,-,-,-,-
D,HAUGHT11,93.129,20.001,0,0,-,-,-,-,-,-,-,-,-,-,-,-,-,-,-,-
D,KAREEYA1,0.0,0.0,0,0,-,-,-,-,-,-,-,-,-,-,-,-,-,-,-,-
D,KAREEYA3,0.0,0.0,0,0,-,-,-,-,-,-,-,-,-,-,-,-,-,-,-,-
D,KARSF1,78.071,80.638,0,0,-,-,-,-,-,-,-,-,-,-,-,-,-,-,-,-
D,KPP_1,600.0,600.0,0,0,-,-,-,-,-,-,-,-,-,-,-,-,-,-,-,-
D,LGAPWF1,95.785,126.0,0,0,-,-,-,-,-,-,-,-,-,-,-,-,-,-,-,-
D,LILYSF1,2.0,2.0,0,0,-,-,-,-,-,-,-,-,-,-,-,-,-,-,-,-
D,LNGS2,0.0,0.0,0,0,-,-,-,-,-,-,-,-,-,-,-,-,-,-,-,-
D,MEWF1,0.0,0.0,0,0,-,-,-,-,-,-,-,-,-,-,-,-,-,-,-,-
D,MINTARO,0.0,0.0,0,0,-,-,-,-,-,-,-,-,-,-,-,-,-,-,-,-
D,MPP_1,330.0,330.0,0,0,0,0.0,-,-,-,-,-,-,0,0.0,-,-,-,-,-,-
D,MSTUART2,0.0,0.0,0,0,0,0.0,-,-,-,-,-,-,0,0.0,-,-,-,-,-,-
D,OAKEY1SF,1.0,1.44908,0,0,-,-,-,-,-,-,-,-,-,-,-,-,-,-,-,-
D,PTSTAN1,0.0,0.0,0,0,-,-,-,-,-,-,-,-,-,-,-,-,-,-,-,-
D,RT_NSW3,0.0,0.0,0,0,-,-,-,-,-,-,-,-,-,-,-,-,-,-,-,-
D,RT_SA3,0.0,0.0,0,0,-,-,-,-,-,-,-,-,-,-,-,-,-,-,-,-
D,RT_TAS1,0.0,0.0,0,0,-,-,-,-,-,-,-,-,-,-,-,-,-,-,-,-
D,RT_VIC10,0.0,0.0,0,0,-,-,-,-,-,-,-,-,-,-,-,-,-,-,-,-
D,SNOWSTH1,20.0,0.0,0,0,-,-,-,-,-,-,-,-,-,-,-,-,-,-,-,-
D,VPGS1,0.0,0.0,0,0,-,-,-,-,-,-,-,-,-,-,-,-,-,-,-,-
D,WEMENSF1,77.171,76.253,0,0,-,-,-,-,-,-,-,-,-,-,-,-,-,-,-,-
D,BBTHREE3,0.0,0.0,0,0,-,-,-,-,-,-,-,-,-,-,-,-,-,-,-,-
D,CLARESF1,64.9,65.0,0,0,-,-,-,-,-,-,-,-,-,-,-,-,-,-,-,-
D,CROOKWF2,0.926,2.504,0,0,-,-,-,-,-,-,-,-,-,-,-,-,-,-,-,-
D,DG_SA1,0.0,0.0,0,0,-,-,-,-,-,-,-,-,-,-,-,-,-,-,-,-
D,HALLWF1,66.538,68.391,0,0,-,-,-,-,-,-,-,-,-,-,-,-,-,-,-,-
D,HUMENSW,0.0,0.0,0,0,-,-,-,-,-,-,-,-,-,-,-,-,-,-,-,-
D,HUMEV,0.0,0.0,0,0,-,-,-,-,-,-,-,-,-,-,-,-,-,-,-,-
D,JLA02,0.0,0.0,0,0,-,-,-,-,-,-,-,-,-,-,-,-,-,-,-,-
D,NEVERSF1,0.0,0.0,0,0,-,-,-,-,-,-,-,-,-,-,-,-,-,-,-,-
D,QPS3,0.0,0.0,0,0,-,-,-,-,-,-,-,-,-,-,-,-,-,-,-,-
D,ROMA_8,0.0,0.0,0,0,-,-,-,-,-,-,-,-,-,-,-,-,-,-,-,-
D,RT_NSW4,0.0,0.0,0,0,-,-,-,-,-,-,-,-,-,-,-,-,-,-,-,-
D,RT_QLD1,0.0,0.0,0,0,-,-,-,-,-,-,-,-,-,-,-,-,-,-,-,-
D,RT_SA4,0.0,0.0,0,0,-,-,-,-,-,-,-,-,-,-,-,-,-,-,-,-
D,RT_VIC7,0.0,0.0,0,0,-,-,-,-,-,-,-,-,-,-,-,-,-,-,-,-
D,SAPHWF1,10.736,16.602,0,0,-,-,-,-,-,-,-,-,-,-,-,-,-,-,-,-
D,SHPUMP,0.0,0.0,0,0,-,-,-,-,-,-,-,-,-,-,-,-,-,-,-,-
D,SMCSF1,39.789,21.001,0,0,-,-,-,-,-,-,-,-,-,-,-,-,-,-,-,-
D,TBSF1,0.0,0.0,0,0,-,-,-,-,-,-,-,-,-,-,-,-,-,-,-,-
D,TVPP104,0.0,0.0,0,0,-,-,-,-,-,-,-,-,-,-,-,-,-,-,-,-
D,URANQ12,0.0,0.0,0,0,-,-,-,-,-,-,-,-,-,-,-,-,-,-,-,-
D,VPGS3,0.0,0.0,0,0,-,-,-,-,-,-,-,-,-,-,-,-,-,-,-,-
D,VPGS5,0.0,0.0,0,0,-,-,-,-,-,-,-,-,-,-,-,-,-,-,-,-
D,YABULU,0.0,0.0,0,0,-,-,-,-,-,-,-,-,-,-,-,-,-,-,-,-
D,YABULU2,0.0,0.0,0,0,-,-,-,-,-,-,-,-,-,-,-,-,-,-,-,-
D,YENDWF1,26.58,31.634,0,0,-,-,-,-,-,-,-,-,-,-,-,-,-,-,-,-
D,ANGAST1,0.0,0.0,0,0,-,-,-,-,-,-,-,-,-,-,-,-,-,-,-,-
D,BALDHWF1,3.548,4.619,0,0,-,-,-,-,-,-,-,-,-,-,-,-,-,-,-,-
D,BARRON-2,0.0,0.0,0,0,-,-,-,-,-,-,-,-,-,-,-,-,-,-,-,-
D,BBTHREE1,0.0,0.0,0,0,-,-,-,-,-,-,-,-,-,-,-,-,-,-,-,-
D,BLOWERNG,0.0,0.0,0,0,-,-,-,-,-,-,-,-,-,-,-,-,-,-,-,-
D,BNGSF2,98.23966584999987,107.095,0,0,-,-,-,-,-,-,-,-,-,-,-,-,-,-,-,-
D,BOMENSF1,84.975,87.384,0,0,-,-,-,-,-,-,-,-,-,-,-,-,-,-,-,-
D,COLEASF1,127.65,131.986,0,0,-,-,-,-,-,-,-,-,-,-,-,-,-,-,-,-
D,DG_TAS1,0.0,0.0,0,0,-,-,-,-,-,-,-,-,-,-,-,-,-,-,-,-
D,DUNDWF2,10.67,9.427,0,0,-,-,-,-,-,-,-,-,-,-,-,-,-,-,-,-
D,DUNDWF3,62.361,54.869,0,0,-,-,-,-,-,-,-,-,-,-,-,-,-,-,-,-
D,GANNSF1,43.28,42.807,0,0,-,-,-,-,-,-,-,-,-,-,-,-,-,-,-,-
D,JLA04,0.0,0.0,0,0,-,-,-,-,-,-,-,-,-,-,-,-,-,-,-,-
D,JLB03,0.0,0.0,0,0,-,-,-,-,-,-,-,-,-,-,-,-,-,-,-,-
D,KIAMSF1,0.0,0.0,0,0,-,-,-,-,-,-,-,-,-,-,-,-,-,-,-,-
D,RT_SA1,0.0,0.0,0,0,-,-,-,-,-,-,-,-,-,-,-,-,-,-,-,-
D,RT_SA2,0.0,0.0,0,0,-,-,-,-,-,-,-,-,-,-,-,-,-,-,-,-
D,RT_SA5,0.0,0.0,0,0,-,-,-,-,-,-,-,-,-,-,-,-,-,-,-,-
D,RT_VIC2,0.0,0.0,0,0,-,-,-,-,-,-,-,-,-,-,-,-,-,-,-,-
D,TALWA1,0.0,0.0,0,0,-,-,-,-,-,-,-,-,-,-,-,-,-,-,-,-
D,URANQ13,0.0,0.0,0,0,-,-,-,-,-,-,-,-,-,-,-,-,-,-,-,-
D,URANQ14,0.0,0.0,0,0,-,-,-,-,-,-,-,-,-,-,-,-,-,-,-,-
D,BDL02,0.0,0.0,0,0,-,-,-,-,-,-,-,-,-,-,-,-,-,-,-,-
D,CG1,0.0,0.0,0,0,-,-,-,-,-,-,-,-,-,-,-,-,-,-,-,-
D,CLEMGPWF,17.009,15.124,0,0,-,-,-,-,-,-,-,-,-,-,-,-,-,-,-,-
D,CSPVPS1,35.1003418,34.878,0,0,-,-,-,-,-,-,-,-,-,-,-,-,-,-,-,-
D,DAYDSF1,118.30320847,120.694,0,0,-,-,-,-,-,-,-,-,-,-,-,-,-,-,-,-
D,DG_VIC1,0.0,0.0,0,0,-,-,-,-,-,-,-,-,-,-,-,-,-,-,-,-
D,ELAINWF1,21.023,16.411,0,0,-,-,-,-,-,-,-,-,-,-,-,-,-,-,-,-
D,GRANWF1,0.0,0.0,0,0,-,-,-,-,-,-,-,-,-,-,-,-,-,-,-,-
D,JLA03,0.0,0.0,0,0,-,-,-,-,-,-,-,-,-,-,-,-,-,-,-,-
D,LADBROK2,0.0,0.0,0,0,-,-,-,-,-,-,-,-,-,-,-,-,-,-,-,-
D,LIMOSF11,0.0,0.493,0,0,-,-,-,-,-,-,-,-,-,-,-,-,-,-,-,-
D,MACARTH1,0.0,0.0,0,0,-,-,-,-,-,-,-,-,-,-,-,-,-,-,-,-
D,MERCER01,33.5,34.0,0,0,-,-,-,-,-,-,-,-,-,-,-,-,-,-,-,-
D,NUMURSF1,88.801,95.057,0,0,-,-,-,-,-,-,-,-,-,-,-,-,-,-,-,-
D,RRSF1,104.598,105.384,0,0,-,-,-,-,-,-,-,-,-,-,-,-,-,-,-,-
D,RT_NSW6,0.0,0.0,0,0,-,-,-,-,-,-,-,-,-,-,-,-,-,-,-,-
D,RT_VIC1,0.0,0.0,0,0,-,-,-,-,-,-,-,-,-,-,-,-,-,-,-,-
D,RT_VIC11,0.0,0.0,0,0,-,-,-,-,-,-,-,-,-,-,-,-,-,-,-,-
D,SALTCRK1,20.977,19.375,0,0,-,-,-,-,-,-,-,-,-,-,-,-,-,-,-,-
D,TNPS1,400.0,400.0,0,0,-,-,-,-,-,-,-,-,-,-,-,-,-,-,-,-
D,WATERLWF,62.27716415,61.514,0,0,-,-,-,-,-,-,-,-,-,-,-,-,-,-,-,-
