I,DUID,TOTALCLEARED,RECORD,DAILY ENERGY,DAILY ENERGY RECORD,RAISEREG,AEMO RAISEREG,RAISE6SEC,AEMO RAISE6SEC,RAISE60SEC,AEMO RAISE60SEC,RAISE5MIN,AEMO RAISE5MIN,LOWERREG,AEMO LOWERREG,LOWER6SEC,AEMO LOWER6SEC,LOWER60SEC,AEMO LOWER60SEC,LOWER5MIN,AEMO LOWER5MIN
D,ARWF1,178.60957962,174.967,0,0,-,-,-,-,-,-,-,-,-,-,-,-,-,-,-,-
D,ASNENC1,0,0.0,0,0,-,-,49.0,49.0,38.790359999999964,39.0,17.749109999999973,11.0,-,-,-,-,-,-,-,-
D,ASSEL1,0,0.0,0,0,-,-,-,-,0.0,0.0,0.0,0.0,-,-,-,-,0.0,0.0,0.0,0.0
D,ASSENC1,0,0.0,0,0,-,-,0.0,0.0,0.0,0.0,0.0,0.0,-,-,-,-,-,-,-,-
D,BALBG1,0.0,0.0,0,0,30.0,0.0,30.0,30.0,30.0,30.0,20.0,20.0,0.0,0.0,-,-,-,-,-,-
D,BALBL1,0.0,0.0,0,0,28.0,0.0,-,-,-,-,-,-,0,0.0,10.0,10.0,30.0,30.0,20.0,20.0
D,BARCALDN,0.0,0.0,0,0,-,-,-,-,-,-,-,-,-,-,-,-,-,-,-,-
D,BBTHREE2,0.0,0.0,0,0,-,-,-,-,-,-,-,-,-,-,-,-,-,-,-,-
D,BERYLSF1,24.987,37.703,0,0,-,-,-,-,-,-,-,-,-,-,-,-,-,-,-,-
D,BLUFF1,39.231,35.855,0,0,-,-,-,-,-,-,-,-,-,-,-,-,-,-,-,-
D,BODWF1,8.458,7.238,0,0,-,-,-,-,-,-,-,-,-,-,-,-,-,-,-,-
D,BRAEMAR1,0.0,0.0,0,0,0,0.0,0,0.0,0,0.0,0,0.0,0,0.0,0,0.0,0,0.0,0,0.0
D,BRAEMAR2,0.0,0.0,0,0,0,0.0,0,0.0,0,0.0,0,0.0,0,0.0,0,0.0,0,0.0,0,0.0
D,BRAEMAR3,163.0,0.0,0,0,0,0.0,0,0.0,0,0.0,0,0.0,0,0.0,0,0.0,0,0.0,0,0.0
D,BRAEMAR6,0.0,0.0,0,0,-,-,-,-,-,-,-,-,-,-,-,-,-,-,-,-
D,BW01,610.0,579.10091,0,0,40.0,40.0,0,0.0,0,0.0,0,0.0,5.0,5.0,0,0.0,0,0.0,0,0.0
D,BW03,0.0,0.0,0,0,0,0.0,0,0.0,0,0.0,0,0.0,0,0.0,0,0.0,0,0.0,0,0.0
D,CG4,0.0,0.0,0,0,-,-,-,-,-,-,-,-,-,-,-,-,-,-,-,-
D,CLERMSF1,38.7455,53.03,0,0,-,-,-,-,-,-,-,-,-,-,-,-,-,-,-,-
D,CROWLWF1,52.688,55.814,0,0,-,-,-,-,-,-,-,-,-,-,-,-,-,-,-,-
D,DEVILS_G,64.0,56.0,0,0,0.0,0.0,0.0,0.0,0.0,0.0,0.0,0.0,5.0,15.0,9.0,0.0,0.0,0.0,0.0,0.0
D,EILDON1,0.0,0.0,0,0,0,0.0,0,0.0,0,0.0,0,0.0,0,0.0,0.0,0.0,5.0,0.0,-,-
D,EILDON2,0.0,0.0,0,0,0,0.0,0,0.0,0,0.0,0,0.0,0,0.0,0.0,0.0,5.0,0.0,-,-
D,ER01,655.2074871688247,611.34376,0,0,9.0,10.0,20.0,20.0,20.0,25.0,0.0,0.0,7.0,7.0,0.0,0.0,0.0,0.0,0.0,0.0
D,ER02,391.0,371.0,0,0,9.0,9.0,20.0,20.0,20.0,20.0,0.0,0.0,7.0,7.0,0.0,0.0,0.0,0.0,0.0,0.0
D,ER03,620.7658333333334,608.58474,0,0,9.0,9.0,20.0,20.0,20.0,25.0,0.0,0.0,7.0,7.0,0.0,0.0,0.0,15.19942,0.0,0.0
D,ER04,631.5376,608.58474,0,0,9.0,9.0,20.0,20.0,20.0,25.0,0.0,0.0,7.0,7.0,0.0,0.0,0.0,0.0,0.0,0.0
D,FINLYSF1,80.527,88.869,0,0,-,-,-,-,-,-,-,-,-,-,-,-,-,-,-,-
D,GANNBG1,0.0,0.0,0,0,25.0,25.0,-,-,-,-,-,-,0,0.0,-,-,-,-,-,-
D,GORDON,108.6450000000001,235.679,0,0,0.0,0.0,0.0,0.0,0.0,0.0,0.0,0.0,0.0,5.0,0.0,0.0,0.0,0.0,0.0,0.0
D,GSTONE1,145.0,152.72596,0,0,0,0.0,0,0.0,0,0.0,0,0.0,0,0.0,0,0.0,0,0.0,0,0.0
D,GSTONE4,169.61442307834807,175.0,0,0,0,0.0,0,0.0,0,0.0,0,0.0,0,0.0,0,0.0,0,0.0,0,0.0
D,GSTONE6,175.0,162.72596,0,0,10.0,0.0,5.790359999999964,0.0,5.0,0.0,0,0.0,0.0,0.0,0.0,0.0,0.0,0.0,0,0.0
D,GULLRSF1,2.078,2.042,0,0,-,-,-,-,-,-,-,-,-,-,-,-,-,-,-,-
D,GULLRWF1,2.334,3.565,0,0,-,-,-,-,-,-,-,-,-,-,-,-,-,-,-,-
D,HDWF1,72.62,57.7,0,0,0,0.0,-,-,-,-,-,-,0,0.0,-,-,-,-,-,-
D,HDWF2,68.72,54.298,0,0,0,0.0,-,-,0,0.0,0,0.0,0,0.0,-,-,0.0,0.0,0.0,0.0
D,HDWF3,56.22,59.552,0,0,0,0.0,-,-,-,-,-,-,0,0.0,-,-,-,-,-,-
D,HPRL1,0.0,0.0,0,0,0.0,0.0,-,-,-,-,-,-,0.0,0.0,40.0,40.0,18.0,18.0,39.0,39.0
D,JBUTTERS,10.0,10.0,0,0,0.0,0.0,8.0,20.0,56.752399999999994,59.98743,50.54481,55.54481,0.0,0.0,4.0,0.0,0.0,0.0,0.0,0.0
D,LBBG1,0.0,0.0,0,0,14.0,15.0,0.0,15.0,0.0,4.0,10.0,10.0,0.0,0.0,-,-,-,-,-,-
D,LBBL1,0.0,0.0,0,0,0.0,0.0,-,-,-,-,-,-,15.0,15.0,15.0,15.0,4.0,4.0,10.0,10.0
D,LD01,320.0,320.0,0,0,0.0,0.0,10.0,0.0,10.0,0.0,0,0.0,1.0,1.0,5.0,5.0,10.0,10.0,0,0.0
D,LD02,270.0,270.0,0,0,0.0,0.0,10.0,0.0,10.0,0.0,0,0.0,1.0,1.0,5.0,10.0,10.0,10.0,0,0.0
D,LD03,400.0,400.0,0,0,0.0,0.0,10.0,0.0,10.0,0.0,0,0.0,1.0,1.0,5.0,6.22428,10.0,10.0,0,0.0
D,LD04,0.0,0.0,0,0,0,0.0,0,0.0,0,0.0,0,0.0,0,0.0,0,0.0,0,0.0,0,0.0
D,LIMOSF21,0.0,0.0,0,0,-,-,-,-,-,-,-,-,-,-,-,-,-,-,-,-
D,LKBONNY2,63.077,81.02196,0,0,-,-,-,-,-,-,-,-,-,-,-,-,-,-,-,-
D,LNGS1,0.0,0.0,0,0,-,-,-,-,-,-,-,-,-,-,-,-,-,-,-,-
D,LOYYB1,0.0,0.0,0,0,0,0.0,0,0.0,0,0.0,0,0.0,0,0.0,0,0.0,0,0.0,0,0.0
D,LOYYB2,580.0,580.0,0,0,5.0,0.0,5.0,5.0,5.0,5.0,0.0,5.0,30.0,37.0,14.0,14.0,20.0,20.0,20.0,20.0
D,LYA2,530.0,525.0,0,0,0.0,5.0,10.0,0.0,10.0,0.0,0.0,0.0,10.0,10.0,5.0,10.0,10.0,10.0,10.0,10.0
D,LYA3,560.0,555.0,0,0,0.0,5.0,0,0.0,0,0.0,0,0.0,10.0,10.0,0,0.0,0,0.0,0,0.0
D,LYA4,560.0,550.0,0,0,0.0,5.0,10.0,3.33333,10.0,5.0,0.0,0.0,10.0,10.0,5.0,10.0,10.0,10.0,10.0,10.0
D,MACKNTSH,71.0,62.0,0,0,0,0.0,0,0.0,0,0.0,0,0.0,0,0.0,0,3.0,0,0.0,0,0.0
D,MCKAY1,0.0,0.0,0,0,0,0.0,0,0.0,0,0.0,0,0.0,0.0,0.0,0.0,0.0,5.0,0.0,-,-
D,MEADOWBK,0.0,0.0,0,0,0,0.0,0,0.0,0,0.0,0,0.0,0,0.0,0,0.0,0,0.0,0,0.0
D,MP1,480.0,480.0,0,0,0.0,0.0,0.0,0.0,0.0,0.0,0.0,0.0,0.0,0.0,0.0,0.0,0.0,0.0,0.0,0.0
D,MP2,520.625,500.625,0,0,0.0,0.0,0.0,0.0,0.0,0.0,0.0,0.0,0.0,0.0,20.0,40.0,64.38123999999999,70.0,40.0,45.23752
D,MPP_2,425.0,425.0,0,0,10.0,10.0,-,-,-,-,-,-,0,0.0,-,-,-,-,-,-
D,MSTUART1,0.0,0.0,0,0,0,0.0,-,-,-,-,-,-,0,0.0,-,-,-,-,-,-
D,MUWAWF1,130.477,107.936,0,0,-,-,-,-,-,-,-,-,-,-,-,-,-,-,-,-
D,NPS,100.0,100.0,0,0,-,-,0,0.0,0,0.0,-,-,-,-,0.0,0.0,0.0,0.0,-,-
D,NYNGAN1,26.524,30.45,0,0,-,-,-,-,-,-,-,-,-,-,-,-,-,-,-,-
D,OAKEY2,0.0,0.0,0,0,0,0.0,-,-,0,0.0,0,0.0,0,0.0,-,-,0,0.0,0,0.0
D,POAT220,0.0,0.0,0,0,0.0,0.0,0,0.0,0,0.0,0,0.0,0,0.0,0,0.0,0,0.0,0,0.0
D,POR01,0.0,0.0,0,0,-,-,-,-,-,-,-,-,-,-,-,-,-,-,-,-
D,PPCCGT,160.0,171.0,0,0,0,25.0,0,11.0,0,13.43928,0,0.0,0,2.0,0,0.0,0,0.0,0,0.0
D,PUMP1,0.0,0.0,0,0,-,-,0,0.0,0,0.0,0,0.0,-,-,-,-,-,-,-,-
D,QPS2,0.0,0.0,0,0,-,-,-,-,-,-,-,-,-,-,-,-,-,-,-,-
D,QPS5,0.0,0.0,0,0,0,0.0,0,0.0,-,-,-,-,0,0.0,0,0.0,-,-,-,-
D,REECE1,0.0,0.0,0,0,0,0.0,0,0.0,0,0.0,0,0.0,0,0.0,0,0.0,0,0.0,0,0.0
D,REECE2,0.0,0.0,0,0,0,0.0,20.0,20.0,0,0.0,0,0.0,0,0.0,0,0.0,0,0.0,0,0.0
D,RT_VIC12,0.0,0.0,0,0,-,-,-,-,-,-,-,-,-,-,-,-,-,-,-,-
D,RT_VIC3,0.0,0.0,0,0,-,-,-,-,-,-,-,-,-,-,-,-,-,-,-,-
D,RT_VIC4,0.0,0.0,0,0,-,-,-,-,-,-,-,-,-,-,-,-,-,-,-,-
D,SNOWNTH1,44.732,66.283,0,0,-,-,-,-,-,-,-,-,-,-,-,-,-,-,-,-
D,STAN-1,320.0,320.0,0,0,0,0.0,0,0.0,0,0.0,-,-,0,0.0,0,0.0,0,0.0,0,0.0
D,STAN-2,0.0,0.0,0,0,0,0.0,0,0.0,0,0.0,-,-,0,0.0,0,0.0,0,0.0,0,0.0
D,STAN-3,320.0,320.0,0,0,0,0.0,0,0.0,0,0.0,-,-,0,0.0,0,0.0,0,0.0,0,0.0
D,TARONG#4,330.0,331.497,0,0,0,0.0,0,0.0,0,0.0,0,0.0,0,0.0,0,0.0,0,0.0,0,0.0
D,TORRA1,0.0,0.0,0,0,0,0.0,0,0.0,0,0.0,-,-,0,0.0,0,0.0,0,0.0,-,-
D,TORRA2,0.0,0.0,0,0,0,0.0,0,0.0,0,0.0,-,-,0,0.0,0,0.0,0,0.0,-,-
D,TORRA3,0.0,0.0,0,0,0,0.0,0,0.0,0,0.0,-,-,0,0.0,0,0.0,0,0.0,-,-
D,TORRB1,0.0,0.0,0,0,0,0.0,0,0.0,0,0.0,0,0.0,0,0.0,0,0.0,0,0.0,0,0.0
D,TORRB2,0.0,0.0,0,0,0,0.0,0,0.0,0,0.0,0,0.0,0,0.0,0,0.0,0,0.0,0,0.0
D,TORRB3,60.0,60.0,0,0,10.0,10.0,15.0,15.0,30.0,27.27273,0.0,0.0,10.0,0.0,10.0,10.0,15.0,15.0,10.0,0.0
D,TORRB4,40.0,46.0,0,0,0.0,6.0,15.0,5.0,30.0,8.18182,0,0.0,0.0,0.0,10.0,5.0,15.0,8.18182,0,0.0
D,TRIBUTE,89.0,89.0,0,0,0,0.0,0.0,0.69231,0.0,0.0,0,0.0,0,0.0,10.0,0.81081,0.0,0.0,0,0.0
D,TUMUT3,250.0,250.0,0,0,0,0.0,0,0.0,0,0.0,10.0,10.0,0,0.0,0,0.0,0,0.0,0,0.0
D,TUNGATIN,120.0,85.0,0,0,0.0,0.0,12.0,12.0,10.0,10.0,0.0,0.0,10.0,20.0,15.0,15.0,70.0,70.0,54.79390999999998,62.55639
D,UPPTUMUT,180.39583153002278,213.6085,0,0,12.0,12.0,0,0.0,0,0.0,0.0,0.0,20.0,20.0,0,0.0,0,0.0,20.0,20.0
D,VP6,550.0,550.0,0,0,5.0,10.0,15.0,25.0,10.0,25.0,0.0,0.0,0.0,0.0,0.0,0.0,0.0,5.0,0.0,0.0
D,VPGS2,0.0,0.0,0,0,-,-,-,-,-,-,-,-,-,-,-,-,-,-,-,-
D,VSSAE1V1,0,0.0,0,0,-,-,2.0,2.0,2.0,2.0,2.0,2.0,-,-,0.0,1.0,0.0,1.0,0.0,1.0
D,VSSEL1V1,0,0.0,0,0,-,-,4.0,0.0,4.0,0.0,4.0,0.0,-,-,4.0,0.0,4.0,0.0,4.0,0.0
D,W/HOE#1,0.0,0.0,0,0,-,-,-,-,0,0.0,0,0.0,-,-,-,-,-,-,-,-
D,W/HOE#2,0.0,0.0,0,0,-,-,-,-,0,0.0,0,0.0,-,-,-,-,-,-,-,-
D,WHITSF1,26.0835,33.941,0,0,-,-,-,-,-,-,-,-,-,-,-,-,-,-,-,-
D,WKIEWA1,0.0,0.0,0,0,0,0.0,0,0.0,0,0.0,-,-,0,0.0,0,0.0,0,0.0,-,-
D,WKIEWA2,0.0,0.0,0,0,0,0.0,0,0.0,0,0.0,-,-,0,0.0,0,0.0,0,0.0,-,-
D,WRSF1,3.533,4.209,0,0,-,-,-,-,-,-,-,-,-,-,-,-,-,-,-,-
D,YWPS1,0.0,0.0,0,0,0,0.0,0,0.0,0,0.0,0,0.0,0,0.0,0,0.0,0,0.0,0,0.0
D,YWPS2,350.0,350.0,0,0,0.0,0.0,0.0,0.0,0.0,0.0,0.0,0.0,0.0,0.0,15.881249999999994,20.0,20.0,20.0,10.0,10.0
D,YWPS3,396.0,396.0,0,0,0,0.0,0.0,0.0,0.0,0.0,0,0.0,0,0.0,0,0.0,0,0.0,0,0.0
D,YWPS4,396.0,396.0,0,0,0,0.0,0.0,0.0,0.0,0.0,0,0.0,0,0.0,0,0.0,0,0.0,0,0.0
D,AGLSOM,80.0,80.0,0,0,-,-,-,-,-,-,-,-,-,-,-,-,-,-,-,-
D,APD01,0,0.0,0,0,-,-,30.0,30.0,75.0,78.0,30.0,37.74912,-,-,0.0,0.0,0.0,0.0,0.0,0.0
D,ASNAES1,0,0.0,0,0,-,-,2.0,0.0,2.0,0.0,2.0,0.0,-,-,1.0,0.0,0.0,0.0,0.0,0.0
D,ASQENC1,0,0.0,0,0,-,-,16.0,16.0,7.0,7.0,8.0,8.0,-,-,-,-,-,-,-,-
D,ASTHYD1,0,0.0,0,0,-,-,0.0,0.001,-,-,-,-,-,-,-,-,-,-,-,-
D,BARKIPS1,48.0,48.0,0,0,0,0.0,0,0.0,0,0.0,0,0.0,0,0.0,0,0.0,0,0.0,0,0.0
D,BARRON-1,25.0,25.0,0,0,-,-,-,-,-,-,-,-,-,-,-,-,-,-,-,-
D,BASTYAN,71.0,71.0,0,0,0.0,0.0,0.0,0.0,0.0,0.0,0.0,0.0,0.0,0.0,4.0,1.84615,0.0,0.0,0,0.0
D,BOCORWF1,17.971,39.844,0,0,-,-,-,-,-,-,-,-,-,-,-,-,-,-,-,-
D,BROKENH1,14.694,19.063,0,0,-,-,-,-,-,-,-,-,-,-,-,-,-,-,-,-
D,BW02,610.0,589.10091,0,0,40.0,40.0,0,0.0,0,0.0,0,0.0,5.0,5.0,0,0.0,0,0.0,0,0.0
D,BW04,610.0,589.10091,0,0,40.0,40.0,0,0.0,0,0.0,0,0.0,10.0,10.0,0,0.0,0,0.0,0,0.0
D,CALL_B_1,0.0,0.0,0,0,0,0.0,0,0.0,0,0.0,0,0.0,0,0.0,0,0.0,0,0.0,0,0.0
D,CALL_B_2,300.0,320.0,0,0,0.0,0.0,0.0,4.22716,0.0,0.0,0,0.0,4.0,5.0,0.0,0.0,0.0,0.0,0,0.0
D,CTHLWF1,44.85,45.997,0,0,-,-,-,-,-,-,-,-,-,-,-,-,-,-,-,-
D,DALNTH01,0.0,0.0,0,0,-,-,27.0,27.0,27.0,27.0,27.0,27.0,-,-,-,-,-,-,-,-
D,DDPS1,0.0,0.0,0,0,0,0.0,-,-,-,-,-,-,0,0.0,-,-,-,-,-,-
D,DG_QLD1,0.0,0.0,0,0,-,-,-,-,-,-,-,-,-,-,-,-,-,-,-,-
D,DRYCGT3,0.0,0.0,0,0,-,-,-,-,-,-,-,-,-,-,-,-,-,-,-,-
D,EMERASF1,30.80995675,47.163,0,0,-,-,-,-,-,-,-,-,-,-,-,-,-,-,-,-
D,FISHER,31.0,31.0,0,0,0.0,0.0,0.0,2.0,0.0,0.0,0.0,0.0,0.0,0.0,0.0,0.0,0,0.0,0,0.0
D,GSTONE2,145.0,152.72596,0,0,0,0.0,0,0.0,0,0.0,0,0.0,0,0.0,0,0.0,0,0.0,0,0.0
D,GSTONE3,0.0,0.0,0,0,0,0.0,0,0.0,0,0.0,0,0.0,0,0.0,0,0.0,0,0.0,0,0.0
D,GSTONE5,0.0,0.0,0,0,0,0.0,0,0.0,0,0.0,0,0.0,0,0.0,0,0.0,0,0.0,0,0.0
D,GUNNING1,0.0,0.287,0,0,-,-,-,-,-,-,-,-,-,-,-,-,-,-,-,-
D,GUTHEGA,31.0,31.0,0,0,0,0.0,-,-,0,0.0,0,0.0,0,0.0,-,-,0,0.0,0,0.0
D,HPRG1,0.0,0.0,0,0,20.0,30.0,61.0,61.0,18.0,18.0,39.0,39.0,0.0,0.0,-,-,-,-,-,-
D,JLB01,0.0,0.0,0,0,-,-,-,-,-,-,-,-,-,-,-,-,-,-,-,-
D,JLB02,0.0,0.0,0,0,-,-,-,-,-,-,-,-,-,-,-,-,-,-,-,-
D,KAREEYA2,22.0,22.0,0,0,-,-,-,-,-,-,-,-,-,-,-,-,-,-,-,-
D,KSP1,38.5141,44.6,0,0,-,-,-,-,-,-,-,-,-,-,-,-,-,-,-,-
D,LADBROK1,0.0,0.0,0,0,-,-,-,-,-,-,-,-,-,-,-,-,-,-,-,-
D,LEM_WIL,54.0,47.0,0,0,0.0,0.0,0,0.0,0,0.0,0,0.0,0.0,0.0,0,0.0,0,0.0,0,0.0
D,LK_ECHO,0.0,0.0,0,0,-,-,-,-,-,-,-,-,-,-,-,-,-,-,-,-
D,LONSDALE,0.0,0.0,0,0,0,0.0,-,-,-,-,-,-,0,0.0,-,-,-,-,-,-
D,LYA1,560.0,550.0,0,0,0.0,5.0,10.0,3.33333,10.0,5.0,0.0,0.0,10.0,10.0,0,0.0,0,0.0,0,0.0
D,MANSLR1,19.893,25.758,0,0,-,-,-,-,-,-,-,-,-,-,-,-,-,-,-,-
D,MOREESF1,25.58,39.048,0,0,-,-,-,-,-,-,-,-,-,-,-,-,-,-,-,-
D,MORTLK11,0.0,0.0,0,0,0,0.0,-,-,-,-,-,-,0,0.0,-,-,-,-,-,-
D,MORTLK12,0.0,0.0,0,0,0,0.0,-,-,-,-,-,-,0,0.0,-,-,-,-,-,-
D,MSTUART3,0.0,0.0,0,0,-,-,-,-,-,-,-,-,-,-,-,-,-,-,-,-
D,MTGELWF1,34.028,28.237,0,0,-,-,-,-,-,-,-,-,-,-,-,-,-,-,-,-
D,MURRAY,0.0,0.0,0,0,0,0.0,0,0.0,0,0.0,0,0.0,0,0.0,0,0.0,0,0.0,0,0.0
D,OAKEY1,0.0,0.0,0,0,0,0.0,-,-,0,0.0,0,0.0,0,0.0,-,-,0,0.0,0,0.0
D,OSB-AG,0.0,0.0,0,0,0,0.0,0,0.0,0,0.0,0,0.0,0,0.0,0,0.0,0,0.0,0,0.0
D,PUMP2,0.0,0.0,0,0,-,-,0,0.0,0,0.0,0,0.0,-,-,-,-,-,-,-,-
D,RT_NSW2,0.0,0.0,0,0,-,-,-,-,-,-,-,-,-,-,-,-,-,-,-,-
D,RT_VIC6,0.0,0.0,0,0,-,-,-,-,-,-,-,-,-,-,-,-,-,-,-,-
D,RT_VIC8,0.0,0.0,0,0,-,-,-,-,-,-,-,-,-,-,-,-,-,-,-,-
D,RUGBYR1,38.736,49.877,0,0,-,-,-,-,-,-,-,-,-,-,-,-,-,-,-,-
D,SNOWTWN1,40.474,56.071,0,0,-,-,-,-,-,-,-,-,-,-,-,-,-,-,-,-
D,STAN-4,320.0,320.0,0,0,0,0.0,0,0.0,0,0.0,-,-,0,0.0,0,0.0,0,0.0,0,0.0
D,STWF1,68.933,60.091,0,0,-,-,-,-,-,-,-,-,-,-,-,-,-,-,-,-
D,SWAN_E,95.0,95.0,0,0,15.0,20.0,-,-,0,0.0,-,-,0.0,0.0,-,-,0,0.0,-,-
D,TARALGA1,0.815,1.094,0,0,-,-,-,-,-,-,-,-,-,-,-,-,-,-,-,-
D,TARONG#2,330.0,331.497,0,0,0,0.0,0,0.0,0,0.0,0,0.0,0,0.0,0,0.0,0,0.0,0,0.0
D,TARONG#3,297.1476343941089,302.24551,0,0,0,0.0,0,0.0,0,0.0,0,0.0,0,0.0,0,0.0,0,0.0,0,0.0
D,TREVALLN,53.0,53.0,0,0,0.0,0.0,3.4019499999999994,5.29412,0.0,0.0,5.0,0.0,0.0,0.0,11.0,6.0,0.0,0.0,0.0,0.0
D,URANQ11,0.0,0.0,0,0,-,-,-,-,-,-,-,-,-,-,-,-,-,-,-,-
D,VENUS1,0,0.0,0,0,-,-,25.0,25.0,18.0,18.0,7.0,7.0,-,-,-,-,-,-,-,-
D,VP5,0.0,0.0,0,0,0,0.0,0,0.0,0,0.0,0,0.0,0,0.0,0,0.0,0,0.0,0,0.0
D,WGWF1,68.8,73.48,0,0,-,-,-,-,-,-,-,-,-,-,-,-,-,-,-,-
D,WRWF1,2.924,1.172,0,0,-,-,-,-,-,-,-,-,-,-,-,-,-,-,-,-
D,YARANSF1,28.261,39.732,0,0,-,-,-,-,-,-,-,-,-,-,-,-,-,-,-,-
D,BULGANA1,97.689,75.0,0,0,-,-,-,-,-,-,-,-,-,-,-,-,-,-,-,-
D,CETHANA,80.0,5.0,0,0,0.0,0.0,10.0,10.0,0.0,0.0,0.0,0.0,25.0,0.0,12.0,8.0,0.0,0.0,0.0,0.0
D,CHILDSF1,10.592,19.295,0,0,-,-,-,-,-,-,-,-,-,-,-,-,-,-,-,-
D,COOPGWF1,21.266,13.976,0,0,-,-,-,-,-,-,-,-,-,-,-,-,-,-,-,-
D,CPP_3,420.0,420.0,0,0,-,-,-,-,-,-,-,-,-,-,-,-,-,-,-,-
D,DARTM1,0.0,0.0,0,0,0,0.0,0,0.0,0,0.0,0,0.0,0,0.0,0,0.0,0,0.0,-,-
D,DRYCGT2,0.0,0.0,0,0,-,-,-,-,-,-,-,-,-,-,-,-,-,-,-,-
D,GOONSF1,43.446,49.233,0,0,-,-,-,-,-,-,-,-,-,-,-,-,-,-,-,-
D,HAYMSF1,24.283,27.218,0,0,-,-,-,-,-,-,-,-,-,-,-,-,-,-,-,-
D,HVGTS,0.0,0.0,0,0,-,-,-,-,-,-,-,-,-,-,-,-,-,-,-,-
D,KAREEYA4,22.0,22.0,0,0,-,-,-,-,-,-,-,-,-,-,-,-,-,-,-,-
D,LI_WY_CA,136.0,136.0,0,0,0,0.0,0.0,0.0,0.0,0.0,0.0,0.0,0,0.0,0.0,0.0,0.0,0.0,0.0,0.0
D,MARYRSF1,6.362,8.807,0,0,-,-,-,-,-,-,-,-,-,-,-,-,-,-,-,-
D,MUSSELR1,50.535,21.459,0,0,-,-,-,-,-,-,-,-,-,-,-,-,-,-,-,-
D,OAKEY2SF,11.705,15.916,0,0,-,-,-,-,-,-,-,-,-,-,-,-,-,-,-,-
D,OAKLAND1,47.425,48.539,0,0,-,-,-,-,-,-,-,-,-,-,-,-,-,-,-,-
D,POAT110,0.0,0.0,0,0,0.0,0.0,0,0.0,0,0.0,0,0.0,0,0.0,0,0.0,0,0.0,0,0.0
D,RT_NSW1,0.0,0.0,0,0,-,-,-,-,-,-,-,-,-,-,-,-,-,-,-,-
D,RT_SA6,0.0,0.0,0,0,-,-,-,-,-,-,-,-,-,-,-,-,-,-,-,-
D,SITHE01,0.0,0.0,0,0,-,-,-,-,-,-,-,-,-,-,-,-,-,-,-,-
D,SNOWYP,0.0,0.0,0,0,-,-,0,0.0,0,0.0,0,0.0,-,-,-,-,-,-,0,0.0
D,SRSF1,11.426,18.09,0,0,-,-,-,-,-,-,-,-,-,-,-,-,-,-,-,-
D,TORRA4,0.0,0.0,0,0,0,0.0,0,0.0,0,0.0,-,-,0,0.0,0,0.0,0,0.0,-,-
D,TVCC201,0.0,0.0,0,0,-,-,-,-,-,-,-,-,-,-,0,0.0,0,0.0,0,0.0
D,VPGS4,0.0,0.0,0,0,-,-,-,-,-,-,-,-,-,-,-,-,-,-,-,-
D,VPGS6,0.0,0.0,0,0,-,-,-,-,-,-,-,-,-,-,-,-,-,-,-,-
D,AGLHAL,0.0,0.0,0,0,-,-,-,-,-,-,-,-,-,-,-,-,-,-,-,-
D,BDL01,0.0,0.0,0,0,-,-,-,-,-,-,-,-,-,-,-,-,-,-,-,-
D,BNGSF1,19.502,26.07,0,0,-,-,-,-,-,-,-,-,-,-,-,-,-,-,-,-
D,BRAEMAR5,150.0,150.0,0,0,-,-,-,-,-,-,-,-,-,-,-,-,-,-,-,-
D,BRAEMAR7,0.0,0.0,0,0,-,-,-,-,-,-,-,-,-,-,-,-,-,-,-,-
D,CG2,0.0,0.0,0,0,-,-,-,-,-,-,-,-,-,-,-,-,-,-,-,-
D,CHYTWF1,36.241,38.517,0,0,-,-,-,-,-,-,-,-,-,-,-,-,-,-,-,-
D,CPP_4,0.0,0.0,0,0,-,-,-,-,-,-,-,-,-,-,-,-,-,-,-,-
D,CPSA,0.0,0.0,0,0,-,-,-,-,-,-,-,-,-,-,-,-,-,-,-,-
D,DALNTHL1,0.0,0.0,0,0,-,-,-,-,-,-,-,-,-,-,17.0,16.0,17.0,16.0,3.0,3.0
D,DARLSF1,0.0,0.0,0,0,-,-,-,-,-,-,-,-,-,-,-,-,-,-,-,-
D,GULLRWF2,0.0,0.0,0,0,-,-,-,-,-,-,-,-,-,-,-,-,-,-,-,-
D,HALLWF2,24.127,34.309,0,0,-,-,-,-,-,-,-,-,-,-,-,-,-,-,-,-
D,JLA01,0.0,0.0,0,0,-,-,-,-,-,-,-,-,-,-,-,-,-,-,-,-
D,KIATAWF1,27.151,28.234,0,0,-,-,-,-,-,-,-,-,-,-,-,-,-,-,-,-
D,LKBONNY3,14.277,13.613,0,0,-,-,-,-,-,-,-,-,-,-,-,-,-,-,-,-
D,MACKAYGT,0.0,0.0,0,0,-,-,-,-,-,-,13.0,13.0,-,-,-,-,-,-,-,-
D,NBHWF1,77.343,90.761,0,0,-,-,-,-,-,-,-,-,-,-,-,-,-,-,-,-
D,PARSF1,25.636,37.66,0,0,-,-,-,-,-,-,-,-,-,-,-,-,-,-,-,-
D,POR03,0.0,0.0,0,0,-,-,-,-,-,-,-,-,-,-,-,-,-,-,-,-
D,QPS1,0.0,0.0,0,0,-,-,-,-,-,-,-,-,-,-,-,-,-,-,-,-
D,QPS4,0.0,0.0,0,0,-,-,-,-,-,-,-,-,-,-,-,-,-,-,-,-
D,ROMA_7,0.0,0.0,0,0,-,-,-,-,-,-,-,-,-,-,-,-,-,-,-,-
D,RT_NSW5,0.0,0.0,0,0,-,-,-,-,-,-,-,-,-,-,-,-,-,-,-,-
D,RT_VIC5,0.0,0.0,0,0,-,-,-,-,-,-,-,-,-,-,-,-,-,-,-,-
D,RT_VIC9,0.0,0.0,0,0,-,-,-,-,-,-,-,-,-,-,-,-,-,-,-,-
D,SHGEN,0.0,0.0,0,0,-,-,-,-,-,-,-,-,-,-,-,-,-,-,-,-
D,SNOWYGJP,0,0.0,0,0,-,-,0.0,0.0,0.0,0.0,0.0,0.0,-,-,-,-,-,-,-,-
D,SNUG1,0.0,0.0,0,0,-,-,-,-,-,-,-,-,-,-,-,-,-,-,-,-
D,TARONG#1,175.0,175.0,0,0,0,0.0,0,0.0,0,0.0,0,0.0,0,0.0,0,0.0,0,0.0,0,0.0
D,TARRALEA,75.1,75.1,0,0,-,-,-,-,-,-,-,-,-,-,0,0.0,-,-,-,-
D,WOODLWN1,0.001,0.687,0,0,-,-,-,-,-,-,-,-,-,-,-,-,-,-,-,-
D,YARWUN_1,0.0,0.0,0,0,-,-,-,-,-,-,-,-,-,-,-,-,-,-,-,-
D,BANN1,21.5497284,44.434,0,0,-,-,-,-,-,-,-,-,-,-,-,-,-,-,-,-
D,CG3,0.0,0.0,0,0,-,-,-,-,-,-,-,-,-,-,-,-,-,-,-,-
D,DDSF1,21.43590391,26.47,0,0,-,-,-,-,-,-,-,-,-,-,-,-,-,-,-,-
D,DG_NSW1,0.0,0.0,0,0,-,-,-,-,-,-,-,-,-,-,-,-,-,-,-,-
D,DRYCGT1,0.0,0.0,0,0,-,-,-,-,-,-,-,-,-,-,-,-,-,-,-,-
D,DUNDWF1,48.847,57.32,0,0,-,-,-,-,-,-,-,-,-,-,-,-,-,-,-,-
D,GANNBL1,10.0,10.0,0,0,10.0,10.0,-,-,-,-,-,-,0,0.0,-,-,-,-,-,-
D,HAMISF1,27.8065,35.666,0,0,-,-,-,-,-,-,-,-,-,-,-,-,-,-,-,-
D,HAUGHT11,74.139,40.001,0,0,-,-,-,-,-,-,-,-,-,-,-,-,-,-,-,-
D,KAREEYA1,0.0,0.0,0,0,-,-,-,-,-,-,-,-,-,-,-,-,-,-,-,-
D,KAREEYA3,22.0,22.0,0,0,-,-,-,-,-,-,-,-,-,-,-,-,-,-,-,-
D,KARSF1,26.641,39.812,0,0,-,-,-,-,-,-,-,-,-,-,-,-,-,-,-,-
D,KPP_1,630.0,630.0,0,0,-,-,-,-,-,-,-,-,-,-,-,-,-,-,-,-
D,LGAPWF1,118.244,126.0,0,0,-,-,-,-,-,-,-,-,-,-,-,-,-,-,-,-
D,LILYSF1,40.984,66.108,0,0,-,-,-,-,-,-,-,-,-,-,-,-,-,-,-,-
D,LNGS2,0.0,0.0,0,0,-,-,-,-,-,-,-,-,-,-,-,-,-,-,-,-
D,MEWF1,83.413,72.001,0,0,-,-,-,-,-,-,-,-,-,-,-,-,-,-,-,-
D,MINTARO,0.0,0.0,0,0,-,-,-,-,-,-,-,-,-,-,-,-,-,-,-,-
D,MPP_1,435.0,435.0,0,0,0,0.0,-,-,-,-,-,-,0,0.0,-,-,-,-,-,-
D,MSTUART2,0.0,0.0,0,0,0,0.0,-,-,-,-,-,-,0,0.0,-,-,-,-,-,-
D,OAKEY1SF,6.1279,11.405,0,0,-,-,-,-,-,-,-,-,-,-,-,-,-,-,-,-
D,PTSTAN1,0.0,0.0,0,0,-,-,-,-,-,-,-,-,-,-,-,-,-,-,-,-
D,RT_NSW3,0.0,0.0,0,0,-,-,-,-,-,-,-,-,-,-,-,-,-,-,-,-
D,RT_SA3,0.0,0.0,0,0,-,-,-,-,-,-,-,-,-,-,-,-,-,-,-,-
D,RT_TAS1,0.0,0.0,0,0,-,-,-,-,-,-,-,-,-,-,-,-,-,-,-,-
D,RT_VIC10,0.0,0.0,0,0,-,-,-,-,-,-,-,-,-,-,-,-,-,-,-,-
D,SNOWSTH1,46.998,44.385,0,0,-,-,-,-,-,-,-,-,-,-,-,-,-,-,-,-
D,VPGS1,0.0,0.0,0,0,-,-,-,-,-,-,-,-,-,-,-,-,-,-,-,-
D,WEMENSF1,33.954,62.062,0,0,-,-,-,-,-,-,-,-,-,-,-,-,-,-,-,-
D,BBTHREE3,0.0,0.0,0,0,-,-,-,-,-,-,-,-,-,-,-,-,-,-,-,-
D,CLARESF1,53.445,63.348,0,0,-,-,-,-,-,-,-,-,-,-,-,-,-,-,-,-
D,CROOKWF2,0.001,1.174,0,0,-,-,-,-,-,-,-,-,-,-,-,-,-,-,-,-
D,DG_SA1,0.0,0.0,0,0,-,-,-,-,-,-,-,-,-,-,-,-,-,-,-,-
D,HALLWF1,51.985,47.764,0,0,-,-,-,-,-,-,-,-,-,-,-,-,-,-,-,-
D,HUMENSW,0.0,0.0,0,0,-,-,-,-,-,-,-,-,-,-,-,-,-,-,-,-
D,HUMEV,0.0,0.0,0,0,-,-,-,-,-,-,-,-,-,-,-,-,-,-,-,-
D,JLA02,0.0,0.0,0,0,-,-,-,-,-,-,-,-,-,-,-,-,-,-,-,-
D,NEVERSF1,0.0,0.0,0,0,-,-,-,-,-,-,-,-,-,-,-,-,-,-,-,-
D,QPS3,0.0,0.0,0,0,-,-,-,-,-,-,-,-,-,-,-,-,-,-,-,-
D,ROMA_8,0.0,0.0,0,0,-,-,-,-,-,-,-,-,-,-,-,-,-,-,-,-
D,RT_NSW4,0.0,0.0,0,0,-,-,-,-,-,-,-,-,-,-,-,-,-,-,-,-
D,RT_QLD1,0.0,0.0,0,0,-,-,-,-,-,-,-,-,-,-,-,-,-,-,-,-
D,RT_SA4,0.0,0.0,0,0,-,-,-,-,-,-,-,-,-,-,-,-,-,-,-,-
D,RT_VIC7,0.0,0.0,0,0,-,-,-,-,-,-,-,-,-,-,-,-,-,-,-,-
D,SAPHWF1,7.52,5.134,0,0,-,-,-,-,-,-,-,-,-,-,-,-,-,-,-,-
D,SHPUMP,0.0,0.0,0,0,-,-,-,-,-,-,-,-,-,-,-,-,-,-,-,-
D,SMCSF1,13.18,15.161,0,0,-,-,-,-,-,-,-,-,-,-,-,-,-,-,-,-
D,TBSF1,20.8224,23.564,0,0,-,-,-,-,-,-,-,-,-,-,-,-,-,-,-,-
D,TVPP104,0.0,0.0,0,0,-,-,-,-,-,-,-,-,-,-,-,-,-,-,-,-
D,URANQ12,0.0,0.0,0,0,-,-,-,-,-,-,-,-,-,-,-,-,-,-,-,-
D,VPGS3,0.0,0.0,0,0,-,-,-,-,-,-,-,-,-,-,-,-,-,-,-,-
D,VPGS5,0.0,0.0,0,0,-,-,-,-,-,-,-,-,-,-,-,-,-,-,-,-
D,YABULU,83.0,83.0,0,0,-,-,-,-,-,-,-,-,-,-,-,-,-,-,-,-
D,YABULU2,0.0,0.0,0,0,-,-,-,-,-,-,-,-,-,-,-,-,-,-,-,-
D,YENDWF1,102.997,82.423,0,0,-,-,-,-,-,-,-,-,-,-,-,-,-,-,-,-
D,ANGAST1,0.0,0.0,0,0,-,-,-,-,-,-,-,-,-,-,-,-,-,-,-,-
D,BALDHWF1,0.0,0.198,0,0,-,-,-,-,-,-,-,-,-,-,-,-,-,-,-,-
D,BARRON-2,0.0,0.0,0,0,-,-,-,-,-,-,-,-,-,-,-,-,-,-,-,-
D,BBTHREE1,0.0,0.0,0,0,-,-,-,-,-,-,-,-,-,-,-,-,-,-,-,-
D,BLOWERNG,0.0,0.0,0,0,-,-,-,-,-,-,-,-,-,-,-,-,-,-,-,-
D,BNGSF2,16.003,27.939,0,0,-,-,-,-,-,-,-,-,-,-,-,-,-,-,-,-
D,BOMENSF1,15.718,39.56,0,0,-,-,-,-,-,-,-,-,-,-,-,-,-,-,-,-
D,COLEASF1,66.85,88.952,0,0,-,-,-,-,-,-,-,-,-,-,-,-,-,-,-,-
D,DG_TAS1,0.0,0.0,0,0,-,-,-,-,-,-,-,-,-,-,-,-,-,-,-,-
D,DUNDWF2,10.038,11.584,0,0,-,-,-,-,-,-,-,-,-,-,-,-,-,-,-,-
D,DUNDWF3,71.1,61.096,0,0,-,-,-,-,-,-,-,-,-,-,-,-,-,-,-,-
D,GANNSF1,19.86,28.489,0,0,-,-,-,-,-,-,-,-,-,-,-,-,-,-,-,-
D,JLA04,0.0,0.0,0,0,-,-,-,-,-,-,-,-,-,-,-,-,-,-,-,-
D,JLB03,0.0,0.0,0,0,-,-,-,-,-,-,-,-,-,-,-,-,-,-,-,-
D,KIAMSF1,0.0,0.0,0,0,-,-,-,-,-,-,-,-,-,-,-,-,-,-,-,-
D,RT_SA1,0.0,0.0,0,0,-,-,-,-,-,-,-,-,-,-,-,-,-,-,-,-
D,RT_SA2,0.0,0.0,0,0,-,-,-,-,-,-,-,-,-,-,-,-,-,-,-,-
D,RT_SA5,0.0,0.0,0,0,-,-,-,-,-,-,-,-,-,-,-,-,-,-,-,-
D,RT_VIC2,0.0,0.0,0,0,-,-,-,-,-,-,-,-,-,-,-,-,-,-,-,-
D,TALWA1,0.0,0.0,0,0,-,-,-,-,-,-,-,-,-,-,-,-,-,-,-,-
D,URANQ13,0.0,0.0,0,0,-,-,-,-,-,-,-,-,-,-,-,-,-,-,-,-
D,URANQ14,0.0,0.0,0,0,-,-,-,-,-,-,-,-,-,-,-,-,-,-,-,-
D,BDL02,0.0,0.0,0,0,-,-,-,-,-,-,-,-,-,-,-,-,-,-,-,-
D,CG1,0.0,0.0,0,0,-,-,-,-,-,-,-,-,-,-,-,-,-,-,-,-
D,CLEMGPWF,13.633,20.141,0,0,-,-,-,-,-,-,-,-,-,-,-,-,-,-,-,-
D,CSPVPS1,8.74385548,11.429,0,0,-,-,-,-,-,-,-,-,-,-,-,-,-,-,-,-
D,DAYDSF1,71.70897434,89.949,0,0,-,-,-,-,-,-,-,-,-,-,-,-,-,-,-,-
D,DG_VIC1,0.0,0.0,0,0,-,-,-,-,-,-,-,-,-,-,-,-,-,-,-,-
D,ELAINWF1,49.919,42.785,0,0,-,-,-,-,-,-,-,-,-,-,-,-,-,-,-,-
D,GRANWF1,0.0,0.0,0,0,-,-,-,-,-,-,-,-,-,-,-,-,-,-,-,-
D,JLA03,0.0,0.0,0,0,-,-,-,-,-,-,-,-,-,-,-,-,-,-,-,-
D,LADBROK2,0.0,0.0,0,0,-,-,-,-,-,-,-,-,-,-,-,-,-,-,-,-
D,LIMOSF11,0.208,0.13,0,0,-,-,-,-,-,-,-,-,-,-,-,-,-,-,-,-
D,MACARTH1,0.0,0.0,0,0,-,-,-,-,-,-,-,-,-,-,-,-,-,-,-,-
D,MERCER01,107.7,80.548,0,0,-,-,-,-,-,-,-,-,-,-,-,-,-,-,-,-
D,NUMURSF1,53.206,71.339,0,0,-,-,-,-,-,-,-,-,-,-,-,-,-,-,-,-
D,RRSF1,54.299,65.843,0,0,-,-,-,-,-,-,-,-,-,-,-,-,-,-,-,-
D,RT_NSW6,0.0,0.0,0,0,-,-,-,-,-,-,-,-,-,-,-,-,-,-,-,-
D,RT_VIC1,0.0,0.0,0,0,-,-,-,-,-,-,-,-,-,-,-,-,-,-,-,-
D,RT_VIC11,0.0,0.0,0,0,-,-,-,-,-,-,-,-,-,-,-,-,-,-,-,-
D,SALTCRK1,46.875,39.289,0,0,-,-,-,-,-,-,-,-,-,-,-,-,-,-,-,-
D,TNPS1,443.0,443.0,0,0,-,-,-,-,-,-,-,-,-,-,-,-,-,-,-,-
D,WATERLWF,23.56621467,46.14,0,0,-,-,-,-,-,-,-,-,-,-,-,-,-,-,-,-
