I,DUID,TOTALCLEARED,RECORD,DAILY ENERGY,DAILY ENERGY RECORD,RAISEREG,AEMO RAISEREG,RAISE6SEC,AEMO RAISE6SEC,RAISE60SEC,AEMO RAISE60SEC,RAISE5MIN,AEMO RAISE5MIN,LOWERREG,AEMO LOWERREG,LOWER6SEC,AEMO LOWER6SEC,LOWER60SEC,AEMO LOWER60SEC,LOWER5MIN,AEMO LOWER5MIN
D,ARWF1,145.5368074,134.833,0,0,-,-,-,-,-,-,-,-,-,-,-,-,-,-,-,-
D,ASNENC1,0,0.0,0,0,-,-,39.07601,48.0,30.0,30.0,23.0,23.0,-,-,-,-,-,-,-,-
D,ASSEL1,0,0.0,0,0,-,-,-,-,0.0,0.0,0.0,0.0,-,-,-,-,0.0,0.0,0.0,0.0
D,ASSENC1,0,0.0,0,0,-,-,0.0,0.0,0.0,0.0,0.0,0.0,-,-,-,-,-,-,-,-
D,BALBG1,0.0,0.0,0,0,0.0,0.0,20.0,20.0,30.0,30.0,30.0,30.0,0.0,0.0,-,-,-,-,-,-
D,BALBL1,0.0,0.0,0,0,28.0,0.0,-,-,-,-,-,-,0,0.0,10.0,10.0,30.0,30.0,20.0,30.0
D,BARCALDN,0.0,0.0,0,0,-,-,-,-,-,-,-,-,-,-,-,-,-,-,-,-
D,BBTHREE2,0.0,0.0,0,0,-,-,-,-,-,-,-,-,-,-,-,-,-,-,-,-
D,BERYLSF1,85.078,85.501,0,0,-,-,-,-,-,-,-,-,-,-,-,-,-,-,-,-
D,BLUFF1,32.554,20.0,0,0,-,-,-,-,-,-,-,-,-,-,-,-,-,-,-,-
D,BODWF1,11.439,8.792,0,0,-,-,-,-,-,-,-,-,-,-,-,-,-,-,-,-
D,BRAEMAR1,0.0,0.0,0,0,0,0.0,0,0.0,0,0.0,0,0.0,0,0.0,0,0.0,0,0.0,0,0.0
D,BRAEMAR2,0.0,0.0,0,0,0,0.0,0,0.0,0,0.0,0,0.0,0,0.0,0,0.0,0,0.0,0,0.0
D,BRAEMAR3,0.0,0.0,0,0,0,0.0,0,0.0,0,0.0,0,0.0,0,0.0,0,0.0,0,0.0,0,0.0
D,BRAEMAR6,0.0,0.0,0,0,-,-,-,-,-,-,-,-,-,-,-,-,-,-,-,-
D,BW01,500.0,500.0,0,0,25.0,25.0,0,0.0,0,0.0,0,0.0,10.0,10.0,0,0.0,0,0.0,0,0.0
D,BW03,0.0,0.0,0,0,0,0.0,0,0.0,0,0.0,0,0.0,0,0.0,0,0.0,0,0.0,0,0.0
D,CG4,0.0,0.0,0,0,-,-,-,-,-,-,-,-,-,-,-,-,-,-,-,-
D,CLERMSF1,61.8005,61.433,0,0,-,-,-,-,-,-,-,-,-,-,-,-,-,-,-,-
D,CROWLWF1,43.696,30.25,0,0,-,-,-,-,-,-,-,-,-,-,-,-,-,-,-,-
D,DEVILS_G,56.0,56.0,0,0,0.0,0.0,0.0,0.0,0.0,0.0,0.0,0.0,6.0,11.0,0.0,0.0,0.0,0.0,0.0,0.0
D,EILDON1,0.0,0.0,0,0,0,0.0,0,0.0,0,0.0,0,0.0,0,0.0,0.0,0.0,5.0,0.0,-,-
D,EILDON2,0.0,0.0,0,0,0,0.0,0,0.0,0,0.0,0,0.0,0,0.0,0.0,0.0,5.0,0.0,-,-
D,ER01,350.0,350.0,0,0,7.0,7.0,0.0,12.0,12.0,12.0,0.0,0.0,0.0,0.0,0.0,0.0,0.0,0.0,0.0,0.0
D,ER02,280.0,280.0,0,0,7.0,7.0,0.0,12.0,12.0,12.0,0.0,0.0,0.0,0.0,0.0,0.0,0.0,0.0,0.0,0.0
D,ER03,282.0,282.0,0,0,7.0,7.0,0.0,12.0,3.0760099999999966,12.0,0.0,0.0,0.0,0.0,0.0,0.0,0.0,0.0,0.0,0.0
D,ER04,282.0,282.0,0,0,7.0,7.0,0.0,12.0,0.0,12.0,0.0,0.0,0.0,0.0,0.0,0.0,0.0,0.0,0.0,0.0
D,FINLYSF1,108.111,103.681,0,0,-,-,-,-,-,-,-,-,-,-,-,-,-,-,-,-
D,GANNBG1,0.0,0.0,0,0,3.0,1.0,-,-,-,-,-,-,0,0.0,-,-,-,-,-,-
D,GORDON,108.0,38.82019,0,0,0.0,0.0,0.0,0.0,0.0,0.0,0.0,0.0,0.0,0.0,0.0,0.0,0.0,0.0,0.0,0.0
D,GSTONE1,125.0,130.0,0,0,10.0,10.0,5.0,5.0,5.0,15.0,0,0.0,5.0,0.0,10.0,10.0,15.0,10.0,0,0.0
D,GSTONE4,150.0,150.0,0,0,10.0,10.0,5.0,0.0,5.0,0.0,0,0.0,0.0,0.0,10.0,15.0,15.0,19.28571,0,0.0
D,GSTONE6,125.0,130.0,0,0,10.0,10.0,5.0,5.0,5.0,15.0,0,0.0,5.0,0.0,10.0,10.0,15.0,10.0,0,0.0
D,GULLRSF1,9.896,9.792,0,0,-,-,-,-,-,-,-,-,-,-,-,-,-,-,-,-
D,GULLRWF1,4.307,3.64,0,0,-,-,-,-,-,-,-,-,-,-,-,-,-,-,-,-
D,HDWF1,62.64,66.665,0,0,0,0.0,-,-,-,-,-,-,0,0.0,-,-,-,-,-,-
D,HDWF2,70.61,72.737,0,0,0,0.0,-,-,0,0.0,0,0.0,0,0.0,-,-,0.0,0.0,0.0,0.0
D,HDWF3,67.35,70.841,0,0,0,0.0,-,-,-,-,-,-,0,0.0,-,-,-,-,-,-
D,HPRL1,0.0,0.0,0,0,0.0,0.0,-,-,-,-,-,-,40.0,40.0,40.0,40.0,18.0,18.0,39.0,39.0
D,JBUTTERS,10.0,10.0,0,0,25.0,25.0,2.0,0.0,70.0,78.69217,0.0,84.47705,0.0,0.0,0.0,0.0,0.0,0.0,0.0,0.0
D,LBBG1,0.0,0.0,0,0,0.0,0.0,15.0,15.0,4.0,4.0,10.0,10.0,0.0,0.0,-,-,-,-,-,-
D,LBBL1,0.0,25.0,0,0,0.0,0.0,-,-,-,-,-,-,12.0,0.0,0.0,0.0,0.0,0.0,0.0,0.0
D,LD01,320.0,320.0,0,0,0.0,0.0,10.0,0.0,10.0,0.0,0,0.0,1.0,1.0,5.0,5.0,10.0,10.0,0,0.0
D,LD02,270.0,270.0,0,0,0.0,0.0,10.0,0.0,10.0,0.0,0,0.0,1.0,1.0,5.0,5.0,10.0,10.0,0,0.0
D,LD03,400.0,400.0,0,0,0.0,0.0,10.0,0.0,10.0,0.0,0,0.0,1.0,1.0,5.0,7.97249,10.0,10.0,0,0.0
D,LD04,0.0,0.0,0,0,0,0.0,0,0.0,0,0.0,0,0.0,0,0.0,0,0.0,0,0.0,0,0.0
D,LIMOSF21,0.0,0.393,0,0,-,-,-,-,-,-,-,-,-,-,-,-,-,-,-,-
D,LKBONNY2,71.67764,92.2687,0,0,-,-,-,-,-,-,-,-,-,-,-,-,-,-,-,-
D,LNGS1,0.0,0.0,0,0,-,-,-,-,-,-,-,-,-,-,-,-,-,-,-,-
D,LOYYB1,0.0,0.0,0,0,0,0.0,0,0.0,0,0.0,0,0.0,0,0.0,0,0.0,0,0.0,0,0.0
D,LOYYB2,580.0,580.0,0,0,0.0,0.0,5.0,5.0,5.0,5.0,5.0,5.0,0.0,25.69825,14.0,14.0,20.0,39.08196,40.0,47.94728
D,LYA2,530.0,530.0,0,0,0.0,0.0,5.0,0.0,5.0,0.0,0.0,0.0,10.0,10.0,5.0,10.0,10.0,10.0,10.0,10.0
D,LYA3,560.0,560.0,0,0,0.0,0.0,0,0.0,0,0.0,0,0.0,10.0,10.0,0,0.0,0,0.0,0,0.0
D,LYA4,560.0,560.0,0,0,0.0,0.0,5.0,0.0,5.0,0.0,0.0,0.0,10.0,10.0,5.0,10.0,10.0,10.0,10.0,10.0
D,MACKNTSH,0.0,0.0,0,0,0,0.0,0,0.0,0,0.0,0,0.0,0,0.0,0,0.0,0,0.0,0,0.0
D,MCKAY1,0.0,0.0,0,0,0,0.0,0,0.0,0,0.0,0,0.0,0.0,0.0,0.0,0.0,0.0,0.0,-,-
D,MEADOWBK,0.0,0.0,0,0,0,0.0,0,0.0,0,0.0,0,0.0,0,0.0,0,0.0,0,0.0,0,0.0
D,MP1,366.57507,366.57507,0,0,0.0,0.0,0.0,0.0,0.0,0.0,0.0,0.0,0,0.0,0,0.0,0,0.0,0,0.0
D,MP2,350.0,350.0,0,0,0.0,0.0,20.0,30.0,20.0,20.0,0.0,0.0,0,0.0,10.274239999999992,40.0,40.0,60.0,40.0,50.0
D,MPP_2,330.0,330.0,0,0,0,0.0,-,-,-,-,-,-,0,0.0,-,-,-,-,-,-
D,MSTUART1,0.0,0.0,0,0,0,0.0,-,-,-,-,-,-,0,0.0,-,-,-,-,-,-
D,MUWAWF1,69.134,80.015,0,0,-,-,-,-,-,-,-,-,-,-,-,-,-,-,-,-
D,NPS,0.0,0.0,0,0,-,-,0,0.0,0,0.0,-,-,-,-,0,0.0,0,0.0,-,-
D,NYNGAN1,101.493,101.535,0,0,-,-,-,-,-,-,-,-,-,-,-,-,-,-,-,-
D,OAKEY2,0.0,0.0,0,0,0,0.0,-,-,0,0.0,0,0.0,0,0.0,-,-,0,0.0,0,0.0
D,POAT220,0.0,0.0,0,0,0.0,0.0,0,0.0,0,0.0,0,0.0,0,0.0,0,0.0,0,0.0,0,0.0
D,POR01,0.0,0.0,0,0,-,-,-,-,-,-,-,-,-,-,-,-,-,-,-,-
D,PPCCGT,0.0,175.0,0,0,0,0.0,0,0.0,0,0.0,0,0.0,0,0.0,0,0.0,0,0.0,0,0.0
D,PUMP1,0.0,0.0,0,0,-,-,0,0.0,0,0.0,0,0.0,-,-,-,-,-,-,-,-
D,QPS2,0.0,0.0,0,0,-,-,-,-,-,-,-,-,-,-,-,-,-,-,-,-
D,QPS5,0.0,0.0,0,0,0,0.0,0,0.0,-,-,-,-,0,0.0,0,0.0,-,-,-,-
D,REECE1,0.0,0.0,0,0,0,0.0,0,0.0,0,0.0,0,0.0,0,0.0,0,0.0,0,0.0,0,0.0
D,REECE2,0.0,0.0,0,0,0,0.0,8.0,20.0,0,0.0,0,0.0,0,0.0,0,0.0,0,0.0,0,0.0
D,RT_VIC12,0.0,0.0,0,0,-,-,-,-,-,-,-,-,-,-,-,-,-,-,-,-
D,RT_VIC3,0.0,0.0,0,0,-,-,-,-,-,-,-,-,-,-,-,-,-,-,-,-
D,RT_VIC4,0.0,0.0,0,0,-,-,-,-,-,-,-,-,-,-,-,-,-,-,-,-
D,SNOWNTH1,50.0,43.99021,0,0,-,-,-,-,-,-,-,-,-,-,-,-,-,-,-,-
D,STAN-1,220.0,220.0,0,0,0,0.0,0,0.0,0,0.0,-,-,0,0.0,0,0.0,0,0.0,0,0.0
D,STAN-2,0.0,0.0,0,0,0,0.0,0,0.0,0,0.0,-,-,0,0.0,0,0.0,0,0.0,0,0.0
D,STAN-3,220.0,220.0,0,0,0.0,0.0,5.0,5.0,5.0,5.0,-,-,6.0,5.30175,15.0,15.0,15.0,15.0,0.0,0.0
D,TARONG#4,225.0,225.0,0,0,0.0,0.0,10.0,10.0,5.0,5.0,5.0,5.0,7.0,0.0,20.0,8.57143,15.0,6.42857,0.0,0.0
D,TORRA1,0.0,0.0,0,0,0,0.0,0,0.0,0,0.0,-,-,0,0.0,0,0.0,0,0.0,-,-
D,TORRA2,0.0,0.0,0,0,0,0.0,0,0.0,0,0.0,-,-,0,0.0,0,0.0,0,0.0,-,-
D,TORRA3,0.0,0.0,0,0,0,0.0,0,0.0,0,0.0,-,-,0,0.0,0,0.0,0,0.0,-,-
D,TORRB1,0.0,0.0,0,0,0,0.0,0,0.0,0,0.0,0,0.0,0,0.0,0,0.0,0,0.0,0,0.0
D,TORRB2,0.0,0.0,0,0,0,0.0,0,0.0,0,0.0,0,0.0,0,0.0,0,0.0,0,0.0,0,0.0
D,TORRB3,60.0,60.0,0,0,0.0,0.0,5.0,5.0,20.0,27.27273,0.0,0.0,10.0,0.0,10.0,10.0,10.0,15.0,10.0,0.0
D,TORRB4,40.0,40.0,0,0,0.0,0.0,5.0,0.0,20.0,0.0,0,0.0,0.0,0.0,10.0,0.0,10.0,0.0,0,0.0
D,TRIBUTE,89.0,89.0,0,0,0,0.0,0.0,0.0,0.0,0.0,0,0.0,0,0.0,0.0,0.0,1.7349000000000103,16.0,0,0.0
D,TUMUT3,0.0,0.0,0,0,0,0.0,0,0.0,0,0.0,10.0,10.0,0,0.0,0,0.0,0,0.0,0,0.0
D,TUNGATIN,5.0,5.0,0,0,0.0,0.0,25.0,20.7629,10.0,10.0,54.47704999999996,0.0,4.0,4.0,0.0,0.0,0.0,0.0,4.0310077519379846,0.0
D,UPPTUMUT,110.0,110.0,0,0,6.0,6.0,0,0.0,0,0.0,6.0,6.0,10.0,20.0,0,0.0,0,0.0,20.0,20.0
D,VP6,518.9605307272016,529.98647,0,0,0.0,0.0,0.0,15.0,15.0,15.0,10.0,10.0,0.0,0.0,0.0,0.0,0.0,0.0,0.0,5.0
D,VPGS2,0.0,0.0,0,0,-,-,-,-,-,-,-,-,-,-,-,-,-,-,-,-
D,VSSAE1V1,0,0.0,0,0,-,-,0.0,0.0,0.0,0.0,0.0,0.0,-,-,0.0,0.0,0.0,0.0,0.0,0.0
D,VSSEL1V1,0,0.0,0,0,-,-,4.0,0.0,4.0,0.0,4.0,0.0,-,-,4.0,0.0,4.0,0.0,4.0,0.0
D,W/HOE#1,0.0,0.0,0,0,-,-,-,-,0,0.0,0,0.0,-,-,-,-,-,-,-,-
D,W/HOE#2,0.0,0.0,0,0,-,-,-,-,0,0.0,0,0.0,-,-,-,-,-,-,-,-
D,WHITSF1,0.0,0.0,0,0,-,-,-,-,-,-,-,-,-,-,-,-,-,-,-,-
D,WKIEWA1,0.0,0.0,0,0,0,0.0,0,0.0,0,0.0,-,-,0,0.0,0.0,0.0,2.0,0.0,-,-
D,WKIEWA2,0.0,0.0,0,0,0,0.0,0,0.0,0,0.0,-,-,0,0.0,0,0.0,0,0.0,-,-
D,WRSF1,19.739,19.521,0,0,-,-,-,-,-,-,-,-,-,-,-,-,-,-,-,-
D,YWPS1,0.0,0.0,0,0,0,0.0,0,0.0,0,0.0,0,0.0,0,0.0,0,0.0,0,0.0,0,0.0
D,YWPS2,350.0,350.0,0,0,0.0,0.0,0.0,0.0,0.0,0.0,0.0,0.0,0.0,0.0,10.0,20.0,20.0,20.0,10.0,15.0
D,YWPS3,396.0,396.0,0,0,0,0.0,0.0,0.0,0.0,0.0,0,0.0,0,0.0,0,0.0,0,0.0,0,0.0
D,YWPS4,396.0,396.0,0,0,0,0.0,0.0,0.0,0.0,0.0,0,0.0,0,0.0,0,0.0,0,0.0,0,0.0
D,AGLSOM,40.0,40.0,0,0,-,-,-,-,-,-,-,-,-,-,-,-,-,-,-,-
D,APD01,0,0.0,0,0,-,-,30.0,30.0,40.0,50.0,65.0,65.0,-,-,0.0,0.0,0.0,0.0,0.0,0.0
D,ASNAES1,0,0.0,0,0,-,-,1.0,0.0,1.0,0.0,1.0,0.0,-,-,0.0,0.0,0.0,0.0,0.0,0.0
D,ASQENC1,0,0.0,0,0,-,-,15.0,15.0,7.0,7.0,8.0,8.0,-,-,-,-,-,-,-,-
D,ASTHYD1,0,0.0,0,0,-,-,50.0,24.202,-,-,-,-,-,-,-,-,-,-,-,-
D,BARKIPS1,0.0,0.0,0,0,0,0.0,0,0.0,0,0.0,0,0.0,0,0.0,0,0.0,0,0.0,0,0.0
D,BARRON-1,5.0,5.0,0,0,-,-,-,-,-,-,-,-,-,-,-,-,-,-,-,-
D,BASTYAN,0.0,0.0,0,0,0,0.0,0,0.0,0,0.0,0,0.0,0,0.0,0,0.0,0,0.0,0,0.0
D,BOCORWF1,16.215,16.164,0,0,-,-,-,-,-,-,-,-,-,-,-,-,-,-,-,-
D,BROKENH1,52.795,53.0,0,0,-,-,-,-,-,-,-,-,-,-,-,-,-,-,-,-
D,BW02,500.0,500.0,0,0,25.0,25.0,0,0.0,0,0.0,0,0.0,10.0,10.0,0,0.0,0,0.0,0,0.0
D,BW04,500.0,500.0,0,0,25.0,25.0,0,0.0,0,0.0,0,0.0,15.0,15.0,0,0.0,0,0.0,0,0.0
D,CALL_B_1,0.0,0.0,0,0,0,0.0,0,0.0,0,0.0,0,0.0,0,0.0,0,0.0,0,0.0,0,0.0
D,CALL_B_2,165.0,165.0,0,0,5.0,5.0,17.0,15.11111,17.0,15.11111,0,0.0,0.0,0.0,20.0,0.0,6.841109999999986,0.0,0,0.0
D,CTHLWF1,69.39,67.715,0,0,-,-,-,-,-,-,-,-,-,-,-,-,-,-,-,-
D,DALNTH01,0.0,0.0,0,0,-,-,30.0,30.0,30.0,30.0,30.0,30.0,-,-,-,-,-,-,-,-
D,DDPS1,0.0,0.0,0,0,0,0.0,-,-,-,-,-,-,0,0.0,-,-,-,-,-,-
D,DG_QLD1,0.0,0.0,0,0,-,-,-,-,-,-,-,-,-,-,-,-,-,-,-,-
D,DRYCGT3,0.0,0.0,0,0,-,-,-,-,-,-,-,-,-,-,-,-,-,-,-,-
D,EMERASF1,0.0,0.0,0,0,-,-,-,-,-,-,-,-,-,-,-,-,-,-,-,-
D,FISHER,10.0,10.0,0,0,0.0,0.0,0.0,0.0,0.0,0.0,0.0,0.0,0.0,0.0,0.0,0.0,0,0.0,0,0.0
D,GSTONE2,125.0,130.0,0,0,10.0,10.0,5.0,5.0,5.0,15.0,0,0.0,5.0,0.0,10.0,10.0,15.0,10.0,0,0.0
D,GSTONE3,0.0,0.0,0,0,0,0.0,0,0.0,0,0.0,0,0.0,0,0.0,0,0.0,0,0.0,0,0.0
D,GSTONE5,0.0,0.0,0,0,0,0.0,0,0.0,0,0.0,0,0.0,0,0.0,0,0.0,0,0.0,0,0.0
D,GUNNING1,0.855,0.291,0,0,-,-,-,-,-,-,-,-,-,-,-,-,-,-,-,-
D,GUTHEGA,0.0,0.0,0,0,0,0.0,-,-,0,0.0,0,0.0,0,0.0,-,-,0,0.0,0,0.0
D,HPRG1,0.0,0.0,0,0,0.0,30.0,61.0,61.0,18.0,18.0,39.0,39.0,0.0,0.0,-,-,-,-,-,-
D,JLB01,0.0,0.0,0,0,-,-,-,-,-,-,-,-,-,-,-,-,-,-,-,-
D,JLB02,0.0,0.0,0,0,-,-,-,-,-,-,-,-,-,-,-,-,-,-,-,-
D,KAREEYA2,0.0,0.0,0,0,-,-,-,-,-,-,-,-,-,-,-,-,-,-,-,-
D,KSP1,42.72,47.0,0,0,-,-,-,-,-,-,-,-,-,-,-,-,-,-,-,-
D,LADBROK1,0.0,0.0,0,0,-,-,-,-,-,-,-,-,-,-,-,-,-,-,-,-
D,LEM_WIL,77.0,77.0,0,0,0,0.0,0,0.0,0,0.0,0,0.0,0,0.0,0,0.0,0,0.0,0,0.0
D,LK_ECHO,0.0,0.0,0,0,-,-,-,-,-,-,-,-,-,-,-,-,-,-,-,-
D,LONSDALE,0.0,0.0,0,0,0,0.0,-,-,-,-,-,-,0,0.0,-,-,-,-,-,-
D,LYA1,560.0,560.0,0,0,0.0,0.0,5.0,0.0,5.0,0.0,0.0,0.0,10.0,10.0,0,0.0,0,0.0,0,0.0
D,MANSLR1,40.18,39.989,0,0,-,-,-,-,-,-,-,-,-,-,-,-,-,-,-,-
D,MOREESF1,48.987,49.498,0,0,-,-,-,-,-,-,-,-,-,-,-,-,-,-,-,-
D,MORTLK11,0.0,0.0,0,0,0,0.0,-,-,-,-,-,-,0,0.0,-,-,-,-,-,-
D,MORTLK12,0.0,0.0,0,0,0,0.0,-,-,-,-,-,-,0,0.0,-,-,-,-,-,-
D,MSTUART3,0.0,0.0,0,0,-,-,-,-,-,-,-,-,-,-,-,-,-,-,-,-
D,MTGELWF1,35.029,40.277,0,0,-,-,-,-,-,-,-,-,-,-,-,-,-,-,-,-
D,MURRAY,0.0,0.0,0,0,0,0.0,0,0.0,0,0.0,0,0.0,0,0.0,0,0.0,0,0.0,0,0.0
D,OAKEY1,0.0,0.0,0,0,0,0.0,-,-,0,0.0,0,0.0,0,0.0,-,-,0,0.0,0,0.0
D,OSB-AG,0.0,0.0,0,0,0,0.0,0,0.0,0,0.0,0,0.0,0,0.0,0,0.0,0,0.0,0,0.0
D,PUMP2,0.0,0.0,0,0,-,-,0,0.0,0,0.0,0,0.0,-,-,-,-,-,-,-,-
D,RT_NSW2,0.0,0.0,0,0,-,-,-,-,-,-,-,-,-,-,-,-,-,-,-,-
D,RT_VIC6,0.0,0.0,0,0,-,-,-,-,-,-,-,-,-,-,-,-,-,-,-,-
D,RT_VIC8,0.0,0.0,0,0,-,-,-,-,-,-,-,-,-,-,-,-,-,-,-,-
D,RUGBYR1,62.842,63.232,0,0,-,-,-,-,-,-,-,-,-,-,-,-,-,-,-,-
D,SNOWTWN1,87.633,78.0,0,0,-,-,-,-,-,-,-,-,-,-,-,-,-,-,-,-
D,STAN-4,220.0,220.0,0,0,0.0,0.0,5.0,5.0,5.0,5.0,-,-,6.0,1.0,15.0,15.0,15.0,15.0,0.0,0.0
D,STWF1,38.554,24.116,0,0,-,-,-,-,-,-,-,-,-,-,-,-,-,-,-,-
D,SWAN_E,0.0,0.0,0,0,0,0.0,-,-,0,0.0,-,-,0,0.0,-,-,0,0.0,-,-
D,TARALGA1,0.0,0.174,0,0,-,-,-,-,-,-,-,-,-,-,-,-,-,-,-,-
D,TARONG#2,225.0,225.0,0,0,0.0,0.0,10.0,10.0,5.0,5.0,5.0,5.0,7.0,0.0,16.841109999999986,8.57143,15.0,6.42857,0.0,0.0
D,TARONG#3,225.0,225.0,0,0,0,0.0,0,0.0,0,0.0,0,0.0,0,0.0,0,0.0,0,0.0,0,0.0
D,TREVALLN,53.0,53.0,0,0,0.0,0.0,0.0,0.0,0.0,0.0,24.0,1.0,0.0,0.0,0.0,0.0,0.0,0.0,0.0,0.0
D,URANQ11,0.0,0.0,0,0,-,-,-,-,-,-,-,-,-,-,-,-,-,-,-,-
D,VENUS1,0,0.0,0,0,-,-,20.0,20.0,14.0,14.0,7.0,7.0,-,-,-,-,-,-,-,-
D,VP5,0.0,0.0,0,0,0,0.0,0,0.0,0,0.0,0,0.0,0,0.0,0,0.0,0,0.0,0,0.0
D,WGWF1,100.0,92.613,0,0,-,-,-,-,-,-,-,-,-,-,-,-,-,-,-,-
D,WRWF1,0.311,0.837,0,0,-,-,-,-,-,-,-,-,-,-,-,-,-,-,-,-
D,YARANSF1,52.0,0.0,0,0,-,-,-,-,-,-,-,-,-,-,-,-,-,-,-,-
D,BULGANA1,72.195,73.151,0,0,-,-,-,-,-,-,-,-,-,-,-,-,-,-,-,-
D,CETHANA,80.0,80.0,0,0,0.0,0.0,0.0,0.0,0.0,0.0,2.0,0.0,9.0,25.0,0.0,0.0,0.0,6.35118,0.0,0.0
D,CHILDSF1,42.748,42.917,0,0,-,-,-,-,-,-,-,-,-,-,-,-,-,-,-,-
D,COOPGWF1,18.169,13.352,0,0,-,-,-,-,-,-,-,-,-,-,-,-,-,-,-,-
D,CPP_3,215.0,215.0,0,0,-,-,-,-,-,-,-,-,-,-,-,-,-,-,-,-
D,DARTM1,0.0,0.0,0,0,0,0.0,0,0.0,0,0.0,0,0.0,0,0.0,0,0.0,0,0.0,-,-
D,DRYCGT2,0.0,0.0,0,0,-,-,-,-,-,-,-,-,-,-,-,-,-,-,-,-
D,GOONSF1,62.346,62.397,0,0,-,-,-,-,-,-,-,-,-,-,-,-,-,-,-,-
D,HAYMSF1,42.859,35.819,0,0,-,-,-,-,-,-,-,-,-,-,-,-,-,-,-,-
D,HVGTS,0.0,0.0,0,0,-,-,-,-,-,-,-,-,-,-,-,-,-,-,-,-
D,KAREEYA4,5.0,5.0,0,0,-,-,-,-,-,-,-,-,-,-,-,-,-,-,-,-
D,LI_WY_CA,89.0,89.0,0,0,0,0.0,0.0,0.0,0.0,0.0,0.0,0.0,0,0.0,0.0,0.0,0.0,0.0,48.946042248062035,29.02977
D,MARYRSF1,15.0,15.0,0,0,-,-,-,-,-,-,-,-,-,-,-,-,-,-,-,-
D,MUSSELR1,47.337,52.293,0,0,-,-,-,-,-,-,-,-,-,-,-,-,-,-,-,-
D,OAKEY2SF,38.069,35.676,0,0,-,-,-,-,-,-,-,-,-,-,-,-,-,-,-,-
D,OAKLAND1,29.524,31.733,0,0,-,-,-,-,-,-,-,-,-,-,-,-,-,-,-,-
D,POAT110,0.0,0.0,0,0,0.0,0.0,0,0.0,0,0.0,0,0.0,0,0.0,0,0.0,0,0.0,0,0.0
D,RT_NSW1,0.0,0.0,0,0,-,-,-,-,-,-,-,-,-,-,-,-,-,-,-,-
D,RT_SA6,0.0,0.0,0,0,-,-,-,-,-,-,-,-,-,-,-,-,-,-,-,-
D,SITHE01,0.0,0.0,0,0,-,-,-,-,-,-,-,-,-,-,-,-,-,-,-,-
D,SNOWYP,0.0,0.0,0,0,-,-,0,0.0,0,0.0,0,0.0,-,-,-,-,-,-,0,0.0
D,SRSF1,66.623,64.31,0,0,-,-,-,-,-,-,-,-,-,-,-,-,-,-,-,-
D,TORRA4,0.0,0.0,0,0,0,0.0,0,0.0,0,0.0,-,-,0,0.0,0,0.0,0,0.0,-,-
D,TVCC201,0.0,0.0,0,0,-,-,-,-,-,-,-,-,-,-,0,0.0,0,0.0,0,0.0
D,VPGS4,0.0,0.0,0,0,-,-,-,-,-,-,-,-,-,-,-,-,-,-,-,-
D,VPGS6,0.0,0.0,0,0,-,-,-,-,-,-,-,-,-,-,-,-,-,-,-,-
D,AGLHAL,0.0,0.0,0,0,-,-,-,-,-,-,-,-,-,-,-,-,-,-,-,-
D,BDL01,0.0,0.0,0,0,-,-,-,-,-,-,-,-,-,-,-,-,-,-,-,-
D,BNGSF1,70.827,79.04,0,0,-,-,-,-,-,-,-,-,-,-,-,-,-,-,-,-
D,BRAEMAR5,0.0,0.0,0,0,-,-,-,-,-,-,-,-,-,-,-,-,-,-,-,-
D,BRAEMAR7,0.0,0.0,0,0,-,-,-,-,-,-,-,-,-,-,-,-,-,-,-,-
D,CG2,0.0,0.0,0,0,-,-,-,-,-,-,-,-,-,-,-,-,-,-,-,-
D,CHYTWF1,13.999,14.528,0,0,-,-,-,-,-,-,-,-,-,-,-,-,-,-,-,-
D,CPP_4,0.0,0.0,0,0,-,-,-,-,-,-,-,-,-,-,-,-,-,-,-,-
D,CPSA,0.0,0.0,0,0,-,-,-,-,-,-,-,-,-,-,-,-,-,-,-,-
D,DALNTHL1,5.0,4.0,0,0,-,-,-,-,-,-,-,-,-,-,24.0,20.0,24.0,20.0,5.0,5.0
D,DARLSF1,0.0,0.0,0,0,-,-,-,-,-,-,-,-,-,-,-,-,-,-,-,-
D,GULLRWF2,0.0,0.0,0,0,-,-,-,-,-,-,-,-,-,-,-,-,-,-,-,-
D,HALLWF2,49.523,40.0,0,0,-,-,-,-,-,-,-,-,-,-,-,-,-,-,-,-
D,JLA01,0.0,0.0,0,0,-,-,-,-,-,-,-,-,-,-,-,-,-,-,-,-
D,KIATAWF1,16.33,17.292,0,0,-,-,-,-,-,-,-,-,-,-,-,-,-,-,-,-
D,LKBONNY3,18.223,22.63194,0,0,-,-,-,-,-,-,-,-,-,-,-,-,-,-,-,-
D,MACKAYGT,0.0,0.0,0,0,-,-,-,-,-,-,13.0,13.0,-,-,-,-,-,-,-,-
D,NBHWF1,90.0,50.0,0,0,-,-,-,-,-,-,-,-,-,-,-,-,-,-,-,-
D,PARSF1,47.06,46.177,0,0,-,-,-,-,-,-,-,-,-,-,-,-,-,-,-,-
D,POR03,0.0,0.0,0,0,-,-,-,-,-,-,-,-,-,-,-,-,-,-,-,-
D,QPS1,0.0,0.0,0,0,-,-,-,-,-,-,-,-,-,-,-,-,-,-,-,-
D,QPS4,0.0,0.0,0,0,-,-,-,-,-,-,-,-,-,-,-,-,-,-,-,-
D,ROMA_7,0.0,0.0,0,0,-,-,-,-,-,-,-,-,-,-,-,-,-,-,-,-
D,RT_NSW5,0.0,0.0,0,0,-,-,-,-,-,-,-,-,-,-,-,-,-,-,-,-
D,RT_VIC5,0.0,0.0,0,0,-,-,-,-,-,-,-,-,-,-,-,-,-,-,-,-
D,RT_VIC9,0.0,0.0,0,0,-,-,-,-,-,-,-,-,-,-,-,-,-,-,-,-
D,SHGEN,0.0,0.0,0,0,-,-,-,-,-,-,-,-,-,-,-,-,-,-,-,-
D,SNOWYGJP,0,0.0,0,0,-,-,0.0,0.0,0.0,0.0,0.0,0.0,-,-,-,-,-,-,-,-
D,SNUG1,0.0,0.0,0,0,-,-,-,-,-,-,-,-,-,-,-,-,-,-,-,-
D,TARONG#1,160.0,160.0,0,0,0,0.0,0,0.0,0,0.0,0,0.0,0,0.0,0,0.0,0,0.0,0,0.0
D,TARRALEA,74.9,74.9,0,0,-,-,-,-,-,-,-,-,-,-,0,0.0,-,-,-,-
D,WOODLWN1,0.0,0.418,0,0,-,-,-,-,-,-,-,-,-,-,-,-,-,-,-,-
D,YARWUN_1,0.0,0.0,0,0,-,-,-,-,-,-,-,-,-,-,-,-,-,-,-,-
D,BANN1,73.5101395,70.898,0,0,-,-,-,-,-,-,-,-,-,-,-,-,-,-,-,-
D,CG3,0.0,0.0,0,0,-,-,-,-,-,-,-,-,-,-,-,-,-,-,-,-
D,DDSF1,106.925426,107.117,0,0,-,-,-,-,-,-,-,-,-,-,-,-,-,-,-,-
D,DG_NSW1,0.0,0.0,0,0,-,-,-,-,-,-,-,-,-,-,-,-,-,-,-,-
D,DRYCGT1,0.0,0.0,0,0,-,-,-,-,-,-,-,-,-,-,-,-,-,-,-,-
D,DUNDWF1,58.85699999999999,58.606,0,0,-,-,-,-,-,-,-,-,-,-,-,-,-,-,-,-
D,GANNBL1,10.0,10.0,0,0,10.0,10.0,-,-,-,-,-,-,0,0.0,-,-,-,-,-,-
D,HAMISF1,46.7835,46.371,0,0,-,-,-,-,-,-,-,-,-,-,-,-,-,-,-,-
D,HAUGHT11,96.126,20.001,0,0,-,-,-,-,-,-,-,-,-,-,-,-,-,-,-,-
D,KAREEYA1,0.0,0.0,0,0,-,-,-,-,-,-,-,-,-,-,-,-,-,-,-,-
D,KAREEYA3,0.0,0.0,0,0,-,-,-,-,-,-,-,-,-,-,-,-,-,-,-,-
D,KARSF1,68.463,75.89,0,0,-,-,-,-,-,-,-,-,-,-,-,-,-,-,-,-
D,KPP_1,600.0,600.0,0,0,-,-,-,-,-,-,-,-,-,-,-,-,-,-,-,-
D,LGAPWF1,10.203,10.0,0,0,-,-,-,-,-,-,-,-,-,-,-,-,-,-,-,-
D,LILYSF1,2.0,2.0,0,0,-,-,-,-,-,-,-,-,-,-,-,-,-,-,-,-
D,LNGS2,0.0,0.0,0,0,-,-,-,-,-,-,-,-,-,-,-,-,-,-,-,-
D,MEWF1,0.0,0.0,0,0,-,-,-,-,-,-,-,-,-,-,-,-,-,-,-,-
D,MINTARO,0.0,0.0,0,0,-,-,-,-,-,-,-,-,-,-,-,-,-,-,-,-
D,MPP_1,330.0,330.0,0,0,0,0.0,-,-,-,-,-,-,0,0.0,-,-,-,-,-,-
D,MSTUART2,0.0,0.0,0,0,0,0.0,-,-,-,-,-,-,0,0.0,-,-,-,-,-,-
D,OAKEY1SF,1.0,1.0,0,0,-,-,-,-,-,-,-,-,-,-,-,-,-,-,-,-
D,PTSTAN1,0.0,0.0,0,0,-,-,-,-,-,-,-,-,-,-,-,-,-,-,-,-
D,RT_NSW3,0.0,0.0,0,0,-,-,-,-,-,-,-,-,-,-,-,-,-,-,-,-
D,RT_SA3,0.0,0.0,0,0,-,-,-,-,-,-,-,-,-,-,-,-,-,-,-,-
D,RT_TAS1,0.0,0.0,0,0,-,-,-,-,-,-,-,-,-,-,-,-,-,-,-,-
D,RT_VIC10,0.0,0.0,0,0,-,-,-,-,-,-,-,-,-,-,-,-,-,-,-,-
D,SNOWSTH1,40.0,0.0,0,0,-,-,-,-,-,-,-,-,-,-,-,-,-,-,-,-
D,VPGS1,0.0,0.0,0,0,-,-,-,-,-,-,-,-,-,-,-,-,-,-,-,-
D,WEMENSF1,72.995,70.884,0,0,-,-,-,-,-,-,-,-,-,-,-,-,-,-,-,-
D,BBTHREE3,0.0,0.0,0,0,-,-,-,-,-,-,-,-,-,-,-,-,-,-,-,-
D,CLARESF1,65.0,65.0,0,0,-,-,-,-,-,-,-,-,-,-,-,-,-,-,-,-
D,CROOKWF2,0.001,0.533,0,0,-,-,-,-,-,-,-,-,-,-,-,-,-,-,-,-
D,DG_SA1,0.0,0.0,0,0,-,-,-,-,-,-,-,-,-,-,-,-,-,-,-,-
D,HALLWF1,60.0,30.0,0,0,-,-,-,-,-,-,-,-,-,-,-,-,-,-,-,-
D,HUMENSW,0.0,0.0,0,0,-,-,-,-,-,-,-,-,-,-,-,-,-,-,-,-
D,HUMEV,0.0,0.0,0,0,-,-,-,-,-,-,-,-,-,-,-,-,-,-,-,-
D,JLA02,0.0,0.0,0,0,-,-,-,-,-,-,-,-,-,-,-,-,-,-,-,-
D,NEVERSF1,0.0,0.0,0,0,-,-,-,-,-,-,-,-,-,-,-,-,-,-,-,-
D,QPS3,0.0,0.0,0,0,-,-,-,-,-,-,-,-,-,-,-,-,-,-,-,-
D,ROMA_8,0.0,0.0,0,0,-,-,-,-,-,-,-,-,-,-,-,-,-,-,-,-
D,RT_NSW4,0.0,0.0,0,0,-,-,-,-,-,-,-,-,-,-,-,-,-,-,-,-
D,RT_QLD1,0.0,0.0,0,0,-,-,-,-,-,-,-,-,-,-,-,-,-,-,-,-
D,RT_SA4,0.0,0.0,0,0,-,-,-,-,-,-,-,-,-,-,-,-,-,-,-,-
D,RT_VIC7,0.0,0.0,0,0,-,-,-,-,-,-,-,-,-,-,-,-,-,-,-,-
D,SAPHWF1,0.001,2.146,0,0,-,-,-,-,-,-,-,-,-,-,-,-,-,-,-,-
D,SHPUMP,0.0,0.0,0,0,-,-,-,-,-,-,-,-,-,-,-,-,-,-,-,-
D,SMCSF1,42.314,6.08508,0,0,-,-,-,-,-,-,-,-,-,-,-,-,-,-,-,-
D,TBSF1,0.0,0.0,0,0,-,-,-,-,-,-,-,-,-,-,-,-,-,-,-,-
D,TVPP104,0.0,0.0,0,0,-,-,-,-,-,-,-,-,-,-,-,-,-,-,-,-
D,URANQ12,0.0,0.0,0,0,-,-,-,-,-,-,-,-,-,-,-,-,-,-,-,-
D,VPGS3,0.0,0.0,0,0,-,-,-,-,-,-,-,-,-,-,-,-,-,-,-,-
D,VPGS5,0.0,0.0,0,0,-,-,-,-,-,-,-,-,-,-,-,-,-,-,-,-
D,YABULU,0.0,0.0,0,0,-,-,-,-,-,-,-,-,-,-,-,-,-,-,-,-
D,YABULU2,0.0,0.0,0,0,-,-,-,-,-,-,-,-,-,-,-,-,-,-,-,-
D,YENDWF1,73.892,55.257,0,0,-,-,-,-,-,-,-,-,-,-,-,-,-,-,-,-
D,ANGAST1,0.0,0.0,0,0,-,-,-,-,-,-,-,-,-,-,-,-,-,-,-,-
D,BALDHWF1,13.985,13.982,0,0,-,-,-,-,-,-,-,-,-,-,-,-,-,-,-,-
D,BARRON-2,0.0,0.0,0,0,-,-,-,-,-,-,-,-,-,-,-,-,-,-,-,-
D,BBTHREE1,0.0,0.0,0,0,-,-,-,-,-,-,-,-,-,-,-,-,-,-,-,-
D,BLOWERNG,0.0,0.0,0,0,-,-,-,-,-,-,-,-,-,-,-,-,-,-,-,-
D,BNGSF2,69.714,86.56,0,0,-,-,-,-,-,-,-,-,-,-,-,-,-,-,-,-
D,BOMENSF1,76.141,79.445,0,0,-,-,-,-,-,-,-,-,-,-,-,-,-,-,-,-
D,COLEASF1,115.9,114.332,0,0,-,-,-,-,-,-,-,-,-,-,-,-,-,-,-,-
D,DG_TAS1,0.0,0.0,0,0,-,-,-,-,-,-,-,-,-,-,-,-,-,-,-,-
D,DUNDWF2,10.606,10.887,0,0,-,-,-,-,-,-,-,-,-,-,-,-,-,-,-,-
D,DUNDWF3,60.537,60.507,0,0,-,-,-,-,-,-,-,-,-,-,-,-,-,-,-,-
D,GANNSF1,38.31,39.719,0,0,-,-,-,-,-,-,-,-,-,-,-,-,-,-,-,-
D,JLA04,0.0,0.0,0,0,-,-,-,-,-,-,-,-,-,-,-,-,-,-,-,-
D,JLB03,0.0,0.0,0,0,-,-,-,-,-,-,-,-,-,-,-,-,-,-,-,-
D,KIAMSF1,0.0,0.0,0,0,-,-,-,-,-,-,-,-,-,-,-,-,-,-,-,-
D,RT_SA1,0.0,0.0,0,0,-,-,-,-,-,-,-,-,-,-,-,-,-,-,-,-
D,RT_SA2,0.0,0.0,0,0,-,-,-,-,-,-,-,-,-,-,-,-,-,-,-,-
D,RT_SA5,0.0,0.0,0,0,-,-,-,-,-,-,-,-,-,-,-,-,-,-,-,-
D,RT_VIC2,0.0,0.0,0,0,-,-,-,-,-,-,-,-,-,-,-,-,-,-,-,-
D,TALWA1,0.0,0.0,0,0,-,-,-,-,-,-,-,-,-,-,-,-,-,-,-,-
D,URANQ13,0.0,0.0,0,0,-,-,-,-,-,-,-,-,-,-,-,-,-,-,-,-
D,URANQ14,0.0,0.0,0,0,-,-,-,-,-,-,-,-,-,-,-,-,-,-,-,-
D,BDL02,0.0,0.0,0,0,-,-,-,-,-,-,-,-,-,-,-,-,-,-,-,-
D,CG1,0.0,0.0,0,0,-,-,-,-,-,-,-,-,-,-,-,-,-,-,-,-
D,CLEMGPWF,29.8792,40.66,0,0,-,-,-,-,-,-,-,-,-,-,-,-,-,-,-,-
D,CSPVPS1,35.0681381,35.0,0,0,-,-,-,-,-,-,-,-,-,-,-,-,-,-,-,-
D,DAYDSF1,118.7664202,119.621,0,0,-,-,-,-,-,-,-,-,-,-,-,-,-,-,-,-
D,DG_VIC1,0.0,0.0,0,0,-,-,-,-,-,-,-,-,-,-,-,-,-,-,-,-
D,ELAINWF1,36.468,24.779,0,0,-,-,-,-,-,-,-,-,-,-,-,-,-,-,-,-
D,GRANWF1,0.0,0.0,0,0,-,-,-,-,-,-,-,-,-,-,-,-,-,-,-,-
D,JLA03,0.0,0.0,0,0,-,-,-,-,-,-,-,-,-,-,-,-,-,-,-,-
D,LADBROK2,0.0,0.0,0,0,-,-,-,-,-,-,-,-,-,-,-,-,-,-,-,-
D,LIMOSF11,2.269,2.212,0,0,-,-,-,-,-,-,-,-,-,-,-,-,-,-,-,-
D,MACARTH1,0.0,0.0,0,0,-,-,-,-,-,-,-,-,-,-,-,-,-,-,-,-
D,MERCER01,56.5,55.541,0,0,-,-,-,-,-,-,-,-,-,-,-,-,-,-,-,-
D,NUMURSF1,82.762,71.642,0,0,-,-,-,-,-,-,-,-,-,-,-,-,-,-,-,-
D,RRSF1,113.064,111.081,0,0,-,-,-,-,-,-,-,-,-,-,-,-,-,-,-,-
D,RT_NSW6,0.0,0.0,0,0,-,-,-,-,-,-,-,-,-,-,-,-,-,-,-,-
D,RT_VIC1,0.0,0.0,0,0,-,-,-,-,-,-,-,-,-,-,-,-,-,-,-,-
D,RT_VIC11,0.0,0.0,0,0,-,-,-,-,-,-,-,-,-,-,-,-,-,-,-,-
D,SALTCRK1,29.521,31.498,0,0,-,-,-,-,-,-,-,-,-,-,-,-,-,-,-,-
D,TNPS1,400.0,400.0,0,0,-,-,-,-,-,-,-,-,-,-,-,-,-,-,-,-
D,WATERLWF,46.34024909,31.284,0,0,-,-,-,-,-,-,-,-,-,-,-,-,-,-,-,-
