I,DUID,TOTALCLEARED,RECORD,DAILY ENERGY,DAILY ENERGY RECORD,RAISEREG,AEMO RAISEREG,RAISE6SEC,AEMO RAISE6SEC,RAISE60SEC,AEMO RAISE60SEC,RAISE5MIN,AEMO RAISE5MIN,LOWERREG,AEMO LOWERREG,LOWER6SEC,AEMO LOWER6SEC,LOWER60SEC,AEMO LOWER60SEC,LOWER5MIN,AEMO LOWER5MIN
D,ARWF1,0.0,94.61,1428.1834133333343,4591.706243333335,-,-,-,-,-,-,-,-,-,-,-,-,-,-,-,-
D,ASNENC1,0,0.0,0,0,-,-,48.0,52.0,38.0,38.0,24.0,24.0,-,-,-,-,-,-,-,-
D,ASSEL1,0,0.0,0,0,-,-,-,-,0.0,0.0,0.0,0.0,-,-,-,-,0.0,0.0,0.0,0.0
D,ASSENC1,0,0.0,0,0,-,-,4.0,0.0,5.0,1.0,0.0,0.0,-,-,-,-,-,-,-,-
D,BALBG1,0.0,0.0,1.0,6.0,10.0,0.0,20.0,30.0,30.0,30.0,30.0,30.0,0.0,0.0,-,-,-,-,-,-
D,BALBL1,0.0,0.0,60.0,21.666666666666664,28.0,0.0,-,-,-,-,-,-,0,0.0,10.0,10.0,30.0,30.0,20.0,10.0
D,BARCALDN,0.0,0.0,0,0,-,-,-,-,-,-,-,-,-,-,-,-,-,-,-,-
D,BBTHREE2,0.0,0.0,0,0,-,-,-,-,-,-,-,-,-,-,-,-,-,-,-,-
D,BERYLSF1,39.338,39.338,0,0,-,-,-,-,-,-,-,-,-,-,-,-,-,-,-,-
D,BLUFF1,15.614,15.614,0,0,-,-,-,-,-,-,-,-,-,-,-,-,-,-,-,-
D,BODWF1,30.936,30.936,0,0,-,-,-,-,-,-,-,-,-,-,-,-,-,-,-,-
D,BRAEMAR1,0.0,0.0,0,0,0,0.0,0,0.0,0,0.0,0,0.0,0,0.0,0,0.0,0,0.0,0,0.0
D,BRAEMAR2,0.0,0.0,0,0,0,0.0,0,0.0,0,0.0,0,0.0,0,0.0,0,0.0,0,0.0,0,0.0
D,BRAEMAR3,0.0,0.0,0,0,0,0.0,0,0.0,0,0.0,0,0.0,0,0.0,0,0.0,0,0.0,0,0.0
D,BRAEMAR6,0.0,0.0,0,0,-,-,-,-,-,-,-,-,-,-,-,-,-,-,-,-
D,BW01,500.0,500.0,0,0,40.0,25.0,0,0.0,0,0.0,0,0.0,5.0,5.0,0,0.0,0,0.0,0,0.0
D,BW03,0.0,0.0,0,0,0,0.0,0,0.0,0,0.0,0,0.0,0,0.0,0,0.0,0,0.0,0,0.0
D,CG4,0.0,0.0,0.0,0.0,-,-,-,-,-,-,-,-,-,-,-,-,-,-,-,-
D,CLERMSF1,49.038,49.038,0,0,-,-,-,-,-,-,-,-,-,-,-,-,-,-,-,-
D,CROWLWF1,0.0,58.131,0,0,-,-,-,-,-,-,-,-,-,-,-,-,-,-,-,-
D,DEVILS_G,64.0,0.0,0,0,0.0,0.0,0,0.0,0,0.0,0.0,0.0,15.0,0.0,0,0.0,0.0,0.0,0.0,0.0
D,EILDON1,0.0,1.0,68.16666666666667,89.16666666666667,0,0.0,0,8.0,0,8.0,0,0.0,0,0.0,0.0,0.0,5.0,1.0,-,-
D,EILDON2,0.0,1.0,70.08333333333334,91.58333333333334,0,0.0,0,8.0,0,8.0,0,0.0,0,0.0,0.0,0.0,5.0,1.0,-,-
D,ER01,570.0,410.0,0,0,10.0,10.0,20.0,20.0,20.0,20.0,0.0,0.0,8.0,8.0,0.0,0.0,0.0,0.0,0.0,0.0
D,ER02,0.0,0.0,0,0,0,0.0,0,0.0,0,0.0,0,0.0,0,0.0,0,0.0,0,0.0,0,0.0
D,ER03,570.0,410.0,0,0,10.0,10.0,20.0,20.0,20.0,20.0,0.0,0.0,8.0,8.0,0.0,0.0,0.0,0.0,0.0,0.0
D,ER04,570.0,410.0,0,0,10.0,10.0,20.0,20.0,20.0,20.0,0.0,0.0,8.0,8.0,0.0,0.0,0.0,0.0,0.0,0.0
D,FINLYSF1,57.219,57.219,0,0,-,-,-,-,-,-,-,-,-,-,-,-,-,-,-,-
D,GANNBG1,0.0,0.0,3.3333333333333335,11.938103333333334,0,0.0,-,-,-,-,-,-,0,0.0,-,-,-,-,-,-
D,GORDON,130.26882999999987,235.26883,0,0,24.0,0.0,13.642170000000021,0.0,0.0,0.0,42.0,0.0,20.0,47.11577,0.0,12.0,0.0,0.0,0.0,0.0
D,GSTONE1,150.0,130.0,0,0,8.0,5.0,5.0,5.0,5.0,5.0,0,0.0,0.0,0.0,0.0,0.0,0.0,0.0,0,0.0
D,GSTONE4,130.0,150.0,0,0,0,5.0,0,5.0,0,5.0,0,0.0,0,0.0,0,0.0,0,0.0,0,0.0
D,GSTONE6,130.0,130.0,0,0,0,5.0,0,5.0,0,5.0,0,0.0,0,0.0,0,0.0,0,0.0,0,0.0
D,GULLRSF1,2.96,2.96,0,0,-,-,-,-,-,-,-,-,-,-,-,-,-,-,-,-
D,GULLRWF1,112.534,112.534,0,0,-,-,-,-,-,-,-,-,-,-,-,-,-,-,-,-
D,HDWF1,41.205,41.205,0,0,0,0.0,-,-,-,-,-,-,0,0.0,-,-,-,-,-,-
D,HDWF2,36.304,36.304,0,0,0,0.0,-,-,0,0.0,0,0.0,0,0.0,-,-,0.0,0.0,0.0,0.0
D,HDWF3,45.857,45.857,0,0,0,0.0,-,-,-,-,-,-,0,0.0,-,-,-,-,-,-
D,HPRL1,0.0,0.0,0,0,0.0,0.0,-,-,-,-,-,-,31.0,40.0,40.0,40.0,18.0,18.0,39.0,39.0
D,JBUTTERS,0.0,0.0,0,0,0,0.0,0,0.0,0,0.0,0,0.0,0,0.0,0,0.0,0,0.0,0,0.0
D,LBBG1,0.0,0.0,0,0,0.0,0.0,0.0,0.0,0.0,0.0,0.0,0.0,0.0,0.0,-,-,-,-,-,-
D,LBBL1,1.0,0.0,0,0,0.0,0.0,-,-,-,-,-,-,6.0,0.0,15.0,0.0,0.0,0.0,0.0,0.0
D,LD01,320.0,320.0,0,0,0.0,0.0,10.0,0.0,10.0,0.0,0,0.0,1.0,1.0,5.0,10.0,10.0,10.0,0,0.0
D,LD02,400.0,420.0,0,0,0.0,0.0,10.0,0.0,10.0,0.0,0,0.0,1.0,1.0,5.0,10.0,10.0,10.0,0,0.0
D,LD03,400.0,400.0,0,0,0.0,0.0,10.0,0.0,10.0,0.0,0,0.0,1.0,1.0,5.0,10.0,10.0,10.0,0,0.0
D,LD04,0.0,0.0,0,0,0,0.0,0,0.0,0,0.0,0,0.0,0,0.0,0,0.0,0,0.0,0,0.0
D,LIMOSF21,0.0,0.0,0,0,-,-,-,-,-,-,-,-,-,-,-,-,-,-,-,-
D,LKBONNY2,78.5781,78.5781,0,0,-,-,-,-,-,-,-,-,-,-,-,-,-,-,-,-
D,LNGS1,0.0,0.0,0.0,0.0,-,-,-,-,-,-,-,-,-,-,-,-,-,-,-,-
D,LOYYB1,535.0,535.0,0,0,0,0.0,0,5.0,0,5.0,0,5.0,0,0.0,0,14.0,0,40.0,0,40.0
D,LOYYB2,580.0,580.0,0,0,3.0,0.0,5.0,5.0,5.0,5.0,0.0,5.0,38.0,1.0,14.0,14.0,20.0,24.67028,40.0,40.0
D,LYA2,530.0,530.0,0,0,0.0,0.0,5.0,0.0,10.0,0.0,0.0,0.0,10.0,10.0,0,0.0,0,0.0,0,0.0
D,LYA3,560.0,560.0,0,0,0.0,0.0,0,0.0,0,0.0,0,0.0,10.0,10.0,0,0.0,0,0.0,0,0.0
D,LYA4,560.0,560.0,0,0,0.0,0.0,5.0,0.0,6.6421700000000214,0.0,0.0,0.0,10.0,10.0,5.0,10.0,10.0,10.0,10.0,10.0
D,MACKNTSH,0.0,0.0,0,0,0,0.0,0,0.0,0,0.0,0,0.0,0,0.0,0,0.0,0,0.0,0,0.0
D,MCKAY1,1.0,0.0,394.31291583333336,213.3129158333334,1.0,0.0,0.0,0.0,11.0,0.0,0,0.0,1.0,0.0,0.0,0.0,0.0,0.0,-,-
D,MEADOWBK,0.0,0.0,0,0,0,0.0,0,0.0,0,0.0,0,0.0,0,0.0,0,0.0,0,0.0,0,0.0
D,MP1,480.0,480.0,0,0,0.0,0.0,0.0,0.0,0.0,0.0,0.0,0.0,0.0,0.0,0.0,0.0,0.0,0.0,0.0,0.0
D,MP2,460.48156344704137,530.0,0,0,0.0,0.0,0.0,0.0,0.0,0.0,0.0,0.0,0.0,0.0,0.0,50.0,40.0,60.0,40.0,22.90305
D,MPP_2,435.0,435.0,0,0,0.0,0.0,-,-,-,-,-,-,0,0.0,-,-,-,-,-,-
D,MSTUART1,0.0,0.0,0.0,0.0,0,0.0,-,-,-,-,-,-,0,0.0,-,-,-,-,-,-
D,MUWAWF1,116.599,116.599,0,0,-,-,-,-,-,-,-,-,-,-,-,-,-,-,-,-
D,NPS,0.0,0.0,0,0,-,-,0,0.0,0,0.0,-,-,-,-,0,0.0,0,0.0,-,-
D,NYNGAN1,43.23,43.23,0,0,-,-,-,-,-,-,-,-,-,-,-,-,-,-,-,-
D,OAKEY2,0.0,0.0,0,0,0,0.0,-,-,0,0.0,0,0.0,0,0.0,-,-,0,0.0,0,0.0
D,POAT220,1.0,1.0,0,0,10.0,10.0,0,0.0,7.0,7.0,0.0,40.0,0.0,0.0,55.0,0.0,0.0,0.0,0.0,0.0
D,POR01,0.0,0.0,0.0,0.0,-,-,-,-,-,-,-,-,-,-,-,-,-,-,-,-
D,PPCCGT,240.0,172.0,0,0,0,15.0,0,0.0,0,0.0,0,0.0,0,2.0,0,0.0,0,0.0,0,0.0
D,PUMP1,0.0,0.0,0,0,-,-,0,0.0,0,0.0,0,0.0,-,-,-,-,-,-,-,-
D,QPS2,0.0,0.0,0,0,-,-,-,-,-,-,-,-,-,-,-,-,-,-,-,-
D,QPS5,0.0,0.0,0,0,0,0.0,0,0.0,-,-,-,-,0,0.0,0,0.0,-,-,-,-
D,REECE1,0.0,0.0,0,0,0,0.0,0,0.0,0,0.0,0,0.0,0,0.0,0,0.0,0,0.0,0,0.0
D,REECE2,0.0,0.0,0,0,0,0.0,10.0,20.0,0,0.0,0,0.0,0,0.0,0,0.0,0,0.0,0,0.0
D,RT_VIC12,0.0,0.0,0,0,-,-,-,-,-,-,-,-,-,-,-,-,-,-,-,-
D,RT_VIC3,0.0,0.0,0,0,-,-,-,-,-,-,-,-,-,-,-,-,-,-,-,-
D,RT_VIC4,0.0,0.0,0,0,-,-,-,-,-,-,-,-,-,-,-,-,-,-,-,-
D,SNOWNTH1,48.334,48.334,0,0,-,-,-,-,-,-,-,-,-,-,-,-,-,-,-,-
D,STAN-1,320.0,320.0,0,0,0,0.0,0,0.0,0,0.0,-,-,0,0.0,0,0.0,0,0.0,0,0.0
D,STAN-2,0.0,0.0,0,0,0,0.0,0,0.0,0,0.0,-,-,0,0.0,0,0.0,0,0.0,0,0.0
D,STAN-3,320.0,320.0,0,0,0,0.0,0,0.0,0,0.0,-,-,0,0.0,0,0.0,0,0.0,0,0.0
D,TARONG#4,330.0,287.45597,0,0,0,0.0,0,0.0,0,0.0,0,0.0,0,0.0,0,0.0,0,0.0,0,0.0
D,TORRA1,0.0,0.0,0,0,0,0.0,0,0.0,0,0.0,-,-,0,0.0,0,0.0,0,0.0,-,-
D,TORRA2,0.0,0.0,0,0,0,0.0,0,0.0,0,0.0,-,-,0,0.0,0,0.0,0,0.0,-,-
D,TORRA3,0.0,0.0,0,0,0,0.0,0,0.0,0,0.0,-,-,0,0.0,0,0.0,0,0.0,-,-
D,TORRB1,0.0,0.0,0,0,0,0.0,0,0.0,0,0.0,0,0.0,0,0.0,0,0.0,0,0.0,0,0.0
D,TORRB2,0.0,0.0,0,0,0,0.0,0,0.0,0,0.0,0,0.0,0,0.0,0,0.0,0,0.0,0,0.0
D,TORRB3,60.0,60.0,2330.175806666667,2363.185646666667,10.0,5.0,5.0,15.0,30.0,27.27273,0.0,0.0,10.0,0.0,10.0,10.0,10.0,15.0,10.0,0.0
D,TORRB4,40.0,60.0,1817.7751428350036,1888.3587824999995,0.0,5.0,5.0,12.5,30.0,20.45455,0,0.0,0.0,5.0,10.0,10.0,10.0,15.0,0,0.0
D,TRIBUTE,89.0,89.0,0,0,0,0.0,0.0,0.69231,0.0,0.0,0,0.0,0,0.0,10.0,0.81081,35.64217000000002,16.0,0,0.0
D,TUMUT3,0.0,0.0,4730.818051764384,4562.472959999999,0,0.0,0,0.0,0,0.0,10.0,10.0,0,0.0,0,0.0,0,0.0,0,0.0
D,TUNGATIN,3.0,5.0,0,0,5.0,0.0,18.0,12.0,20.0,56.9149,37.99365,81.99365,2.0,2.88423,11.0,1.85962,75.0,1.87512,2.03921568627451,1.09061
D,UPPTUMUT,0.0,290.0,9153.24024424394,9704.68809166667,0,12.0,0,0.0,0,0.0,0,6.0,0,20.0,0,0.0,0,0.0,0,20.0
D,VP6,250.0,280.0,0,0,0.0,0.0,15.0,21.14217,30.0,30.0,10.0,10.0,0.0,0.0,0.0,0.0,0.0,0.0,0,0.0
D,VPGS2,0.0,0.0,0.0,0.0,-,-,-,-,-,-,-,-,-,-,-,-,-,-,-,-
D,VSSAE1V1,0,0.0,0,0,-,-,1.0,2.0,1.0,2.0,1.0,2.0,-,-,0.0,0.0,0.0,0.0,0.0,0.0
D,VSSEL1V1,0,0.0,0,0,-,-,4.0,0.0,4.0,0.0,4.0,0.0,-,-,3.0,0.0,3.0,0.0,3.0,0.0
D,W/HOE#1,0.0,0.0,0.0,0.0,-,-,-,-,0,0.0,0,0.0,-,-,-,-,-,-,-,-
D,W/HOE#2,0.0,0.0,0.0,0.0,-,-,-,-,0,0.0,0,0.0,-,-,-,-,-,-,-,-
D,WHITSF1,31.886,31.886,0,0,-,-,-,-,-,-,-,-,-,-,-,-,-,-,-,-
D,WKIEWA1,0.0,0.0,363.5000000000001,387.5000000000001,0,0.0,0,0.0,0,0.0,-,-,0,0.0,0,0.0,0,0.0,-,-
D,WKIEWA2,0.0,0.0,60.0,56.0,0,0.0,0,0.0,0,0.0,-,-,0,0.0,0,0.0,0,0.0,-,-
D,WRSF1,6.029,6.029,0,0,-,-,-,-,-,-,-,-,-,-,-,-,-,-,-,-
D,YWPS1,0.0,0.0,0,0,0,0.0,0,0.0,0,0.0,0,0.0,0,0.0,0,0.0,0,0.0,0,0.0
D,YWPS2,350.0,350.0,0,0,0.0,0.0,0.0,0.0,0.0,0.0,0.0,0.0,0.0,0.0,0.0,20.0,20.0,20.0,10.0,10.0
D,YWPS3,385.0,385.0,0,0,0.0,0.0,0.0,0.0,0.0,0.0,0,0.0,0.0,0.0,0.0,25.0,20.0,20.0,15.0,15.0
D,YWPS4,385.0,385.0,0,0,0.0,0.0,0.0,0.0,0.0,0.0,0,0.0,0.0,0.0,0.0,25.0,20.0,20.0,15.0,15.0
D,AGLSOM,0.0,0.0,0,0,-,-,-,-,-,-,-,-,-,-,-,-,-,-,-,-
D,APD01,0,0.0,0,0,-,-,29.0,30.0,81.0,90.0,65.0,65.0,-,-,0.0,0.0,0.0,0.0,0.0,0.0
D,ASNAES1,0,0.0,0,0,-,-,1.0,0.0,2.0,0.0,2.0,0.0,-,-,1.0,0.0,0.0,0.0,0.0,0.0
D,ASQENC1,0,0.0,0,0,-,-,14.0,16.0,7.0,8.0,8.0,9.0,-,-,-,-,-,-,-,-
D,ASTHYD1,0,0.0,0,0,-,-,75.0,58.0,-,-,-,-,-,-,-,-,-,-,-,-
D,BARKIPS1,0.0,0.0,0,0,0,0.0,0,0.0,0,0.0,0,0.0,0,0.0,0,0.0,0,0.0,0,0.0
D,BARRON-1,0.0,0.0,0,0,-,-,-,-,-,-,-,-,-,-,-,-,-,-,-,-
D,BASTYAN,0.0,0.0,0,0,0,0.0,0,0.0,0,0.0,0,0.0,0,0.0,0,0.0,0,0.0,0,0.0
D,BOCORWF1,55.435,55.435,0,0,-,-,-,-,-,-,-,-,-,-,-,-,-,-,-,-
D,BROKENH1,29.165,29.165,0,0,-,-,-,-,-,-,-,-,-,-,-,-,-,-,-,-
D,BW02,330.0,330.0,0,0,0.0,0.0,0,0.0,0,0.0,0,0.0,5.0,5.0,0,0.0,0,0.0,0,0.0
D,BW04,500.0,500.0,0,0,40.0,38.0,0,0.0,0,0.0,0,0.0,10.0,10.0,0,0.0,0,0.0,0,0.0
D,CALL_B_1,0.0,0.0,0,0,0,0.0,0,0.0,0,0.0,0,0.0,0,0.0,0,0.0,0,0.0,0,0.0
D,CALL_B_2,280.0,280.0,0,0,0,0.0,0,0.0,0,0.0,0,0.0,0,5.0,0,0.0,0,0.0,0,0.0
D,CTHLWF1,110.431,110.431,0,0,-,-,-,-,-,-,-,-,-,-,-,-,-,-,-,-
D,DALNTH01,0.0,0.0,0.0,0.0,-,-,30.0,30.0,30.0,30.0,30.0,30.0,-,-,-,-,-,-,-,-
D,DDPS1,0.0,0.0,0,0,0,0.0,-,-,-,-,-,-,0,0.0,-,-,-,-,-,-
D,DG_QLD1,0.0,0.0,0,0,-,-,-,-,-,-,-,-,-,-,-,-,-,-,-,-
D,DRYCGT3,0.0,0.0,0.0,0.0,-,-,-,-,-,-,-,-,-,-,-,-,-,-,-,-
D,EMERASF1,44.05,44.05,0,0,-,-,-,-,-,-,-,-,-,-,-,-,-,-,-,-
D,FISHER,31.0,31.0,0,0,0,0.0,0,0.0,0,0.0,0,0.0,0,0.0,0,0.0,0,0.0,0,0.0
D,GSTONE2,130.0,130.0,0,0,0,5.0,0,5.0,0,5.0,0,0.0,0,0.0,0,0.0,0,0.0,0,0.0
D,GSTONE3,0.0,0.0,0,0,0,0.0,0,0.0,0,0.0,0,0.0,0,0.0,0,0.0,0,0.0,0,0.0
D,GSTONE5,0.0,0.0,0,0,0,0.0,0,0.0,0,0.0,0,0.0,0,0.0,0,0.0,0,0.0,0,0.0
D,GUNNING1,36.335,36.335,0,0,-,-,-,-,-,-,-,-,-,-,-,-,-,-,-,-
D,GUTHEGA,31.0,31.0,475.3333333333334,475.3333333333334,0,0.0,-,-,0,0.0,0,0.0,0,0.0,-,-,0,0.0,0,0.0
D,HPRG1,0.0,0.0,0,0,0.0,30.0,61.0,61.0,18.0,18.0,39.0,39.0,0.0,0.0,-,-,-,-,-,-
D,JLB01,0.0,0.0,0,0,-,-,-,-,-,-,-,-,-,-,-,-,-,-,-,-
D,JLB02,0.0,0.0,0,0,-,-,-,-,-,-,-,-,-,-,-,-,-,-,-,-
D,KAREEYA2,22.0,22.0,0,0,-,-,-,-,-,-,-,-,-,-,-,-,-,-,-,-
D,KSP1,42.437,42.437,0,0,-,-,-,-,-,-,-,-,-,-,-,-,-,-,-,-
D,LADBROK1,0.0,0.0,0,0,-,-,-,-,-,-,-,-,-,-,-,-,-,-,-,-
D,LEM_WIL,48.0,79.0,0,0,0.0,0.0,0,0.0,0,0.0,0,0.0,0.0,0.0,0,0.0,0,0.0,0,0.0
D,LK_ECHO,0.0,0.0,0,0,-,-,-,-,-,-,-,-,-,-,-,-,-,-,-,-
D,LONSDALE,0.0,0.0,0.0,0.0,0,0.0,-,-,-,-,-,-,0,0.0,-,-,-,-,-,-
D,LYA1,560.0,560.0,0,0,0.0,0.0,5.0,0.0,5.0,0.0,0.0,0.0,10.0,10.0,0,0.0,0,0.0,0,0.0
D,MANSLR1,24.497,24.497,0,0,-,-,-,-,-,-,-,-,-,-,-,-,-,-,-,-
D,MOREESF1,37.343,37.343,0,0,-,-,-,-,-,-,-,-,-,-,-,-,-,-,-,-
D,MORTLK11,0.0,0.0,0,0,0,0.0,-,-,-,-,-,-,0,0.0,-,-,-,-,-,-
D,MORTLK12,0.0,0.0,0,0,0,0.0,-,-,-,-,-,-,0,0.0,-,-,-,-,-,-
D,MSTUART3,0.0,0.0,0.0,0.0,-,-,-,-,-,-,-,-,-,-,-,-,-,-,-,-
D,MTGELWF1,65.373,65.373,1629.8279166666666,1629.8279166666666,-,-,-,-,-,-,-,-,-,-,-,-,-,-,-,-
D,MURRAY,0.0,0.0,1032.8373958333336,1032.8373958333336,0,0.0,0,0.0,0,0.0,0,0.0,0,0.0,0,0.0,0,0.0,0,0.0
D,OAKEY1,0.0,0.0,0,0,0,0.0,-,-,0,0.0,0,0.0,0,0.0,-,-,0,0.0,0,0.0
D,OSB-AG,0.0,0.0,0,0,0,0.0,0,0.0,0,0.0,0,0.0,0,0.0,0,0.0,0,0.0,0,0.0
D,PUMP2,0.0,0.0,0,0,-,-,0,0.0,0,0.0,0,0.0,-,-,-,-,-,-,-,-
D,RT_NSW2,0.0,0.0,0,0,-,-,-,-,-,-,-,-,-,-,-,-,-,-,-,-
D,RT_VIC6,0.0,0.0,0,0,-,-,-,-,-,-,-,-,-,-,-,-,-,-,-,-
D,RT_VIC8,0.0,0.0,0,0,-,-,-,-,-,-,-,-,-,-,-,-,-,-,-,-
D,RUGBYR1,47.597,47.597,0,0,-,-,-,-,-,-,-,-,-,-,-,-,-,-,-,-
D,SNOWTWN1,50.524,50.524,0,0,-,-,-,-,-,-,-,-,-,-,-,-,-,-,-,-
D,STAN-4,320.0,320.0,0,0,0,0.0,0,0.0,0,0.0,-,-,0,0.0,0,0.0,0,0.0,0,0.0
D,STWF1,166.506,166.506,0,0,-,-,-,-,-,-,-,-,-,-,-,-,-,-,-,-
D,SWAN_E,95.0,95.0,0,0,10.0,10.0,-,-,0,0.0,-,-,0.0,0.0,-,-,0,0.0,-,-
D,TARALGA1,64.785,64.785,1077.9289166666665,1077.9289166666665,-,-,-,-,-,-,-,-,-,-,-,-,-,-,-,-
D,TARONG#2,330.0,287.45597,0,0,0,0.0,0,0.0,0,0.0,0,0.0,0,0.0,0,0.0,0,0.0,0,0.0
D,TARONG#3,300.0,265.96478,0,0,0,0.0,0,0.0,0,0.0,0,0.0,0,0.0,0,0.0,0,0.0,0,0.0
D,TREVALLN,44.0,53.0,0,0,0.0,0.0,0.0,2.30769,0.0,0.0,14.0,0.0,0.0,0.0,0.0,7.17391,0.0,18.0,0.0,50.0
D,URANQ11,0.0,0.0,0,0,-,-,-,-,-,-,-,-,-,-,-,-,-,-,-,-
D,VENUS1,0,0.0,0,0,-,-,22.0,22.0,19.0,20.0,8.0,8.0,-,-,-,-,-,-,-,-
D,VP5,0.0,0.0,0,0,0,0.0,0,0.0,0,0.0,0,0.0,0,0.0,0,0.0,0,0.0,0,0.0
D,WGWF1,37.221,37.221,0,0,-,-,-,-,-,-,-,-,-,-,-,-,-,-,-,-
D,WRWF1,0.37,0.37,0,0,-,-,-,-,-,-,-,-,-,-,-,-,-,-,-,-
D,YARANSF1,43.227,43.227,0,0,-,-,-,-,-,-,-,-,-,-,-,-,-,-,-,-
D,BULGANA1,74.042,74.042,0,0,-,-,-,-,-,-,-,-,-,-,-,-,-,-,-,-
D,CETHANA,80.0,0.0,0,0,0,0.0,0,0.0,0,0.0,0,0.0,0,0.0,0,0.0,0,0.0,0,0.0
D,CHILDSF1,21.748,21.748,0,0,-,-,-,-,-,-,-,-,-,-,-,-,-,-,-,-
D,COOPGWF1,13.919,13.919,0,0,-,-,-,-,-,-,-,-,-,-,-,-,-,-,-,-
D,CPP_3,420.0,400.0,0,0,-,-,-,-,-,-,-,-,-,-,-,-,-,-,-,-
D,DARTM1,0.0,0.0,137.58333333333334,137.58333333333334,0,0.0,0,0.0,0,0.0,0,0.0,0,0.0,0,0.0,0,0.0,-,-
D,DRYCGT2,0.0,0.0,0.0,0.0,-,-,-,-,-,-,-,-,-,-,-,-,-,-,-,-
D,GOONSF1,40.185,40.185,0,0,-,-,-,-,-,-,-,-,-,-,-,-,-,-,-,-
D,HAYMSF1,26.335,26.335,0,0,-,-,-,-,-,-,-,-,-,-,-,-,-,-,-,-
D,HVGTS,0.0,0.0,0,0,-,-,-,-,-,-,-,-,-,-,-,-,-,-,-,-
D,KAREEYA4,22.0,22.0,0,0,-,-,-,-,-,-,-,-,-,-,-,-,-,-,-,-
D,LI_WY_CA,89.0,86.0,0,0,0,0.0,0.0,0.0,0.0,0.0,0.0,0.0,0,0.0,0.0,0.0,0.0,35.09677,63.95443431372549,0.0
D,MARYRSF1,13.413,13.413,0,0,-,-,-,-,-,-,-,-,-,-,-,-,-,-,-,-
D,MUSSELR1,56.388,56.388,0,0,-,-,-,-,-,-,-,-,-,-,-,-,-,-,-,-
D,OAKEY2SF,17.226,17.226,0,0,-,-,-,-,-,-,-,-,-,-,-,-,-,-,-,-
D,OAKLAND1,39.614,39.614,0,0,-,-,-,-,-,-,-,-,-,-,-,-,-,-,-,-
D,POAT110,1.0,1.0,0,0,1.0,10.0,0,0.0,6.0,6.0,40.0,0.0,0.0,0.0,56.84435000000002,0.0,0.0,0.0,0.0,0.0
D,RT_NSW1,0.0,0.0,0,0,-,-,-,-,-,-,-,-,-,-,-,-,-,-,-,-
D,RT_SA6,0.0,0.0,0,0,-,-,-,-,-,-,-,-,-,-,-,-,-,-,-,-
D,SITHE01,0.0,0.0,0,0,-,-,-,-,-,-,-,-,-,-,-,-,-,-,-,-
D,SNOWYP,0.0,0.0,0,0,-,-,0,0.0,0,0.0,0,0.0,-,-,-,-,-,-,0,0.0
D,SRSF1,33.658,33.658,0,0,-,-,-,-,-,-,-,-,-,-,-,-,-,-,-,-
D,TORRA4,0.0,0.0,0,0,0,0.0,0,0.0,0,0.0,-,-,0,0.0,0,0.0,0,0.0,-,-
D,TVCC201,0.0,0.0,0,0,-,-,-,-,-,-,-,-,-,-,0,0.0,0,0.0,0,0.0
D,VPGS4,0.0,0.0,0.0,0.0,-,-,-,-,-,-,-,-,-,-,-,-,-,-,-,-
D,VPGS6,0.0,0.0,0.0,0.0,-,-,-,-,-,-,-,-,-,-,-,-,-,-,-,-
D,AGLHAL,0.0,0.0,0.0,0.0,-,-,-,-,-,-,-,-,-,-,-,-,-,-,-,-
D,BDL01,0.0,0.0,0,0,-,-,-,-,-,-,-,-,-,-,-,-,-,-,-,-
D,BNGSF1,84.28,84.28,0,0,-,-,-,-,-,-,-,-,-,-,-,-,-,-,-,-
D,BRAEMAR5,0.0,0.0,0,0,-,-,-,-,-,-,-,-,-,-,-,-,-,-,-,-
D,BRAEMAR7,0.0,0.0,0,0,-,-,-,-,-,-,-,-,-,-,-,-,-,-,-,-
D,CG2,0.0,0.0,0.0,0.0,-,-,-,-,-,-,-,-,-,-,-,-,-,-,-,-
D,CHYTWF1,44.574,44.574,0,0,-,-,-,-,-,-,-,-,-,-,-,-,-,-,-,-
D,CPP_4,0.0,0.0,0,0,-,-,-,-,-,-,-,-,-,-,-,-,-,-,-,-
D,CPSA,0.0,0.0,0,0,-,-,-,-,-,-,-,-,-,-,-,-,-,-,-,-
D,DALNTHL1,0.0,0.0,2.2499999999999996,3.2499999999999996,-,-,-,-,-,-,-,-,-,-,24.0,0.0,24.0,0.0,5.0,0.0
D,DARLSF1,0.827,0.827,0,0,-,-,-,-,-,-,-,-,-,-,-,-,-,-,-,-
D,GULLRWF2,3.658,3.658,0,0,-,-,-,-,-,-,-,-,-,-,-,-,-,-,-,-
D,HALLWF2,25.572,25.572,0,0,-,-,-,-,-,-,-,-,-,-,-,-,-,-,-,-
D,JLA01,0.0,0.0,0,0,-,-,-,-,-,-,-,-,-,-,-,-,-,-,-,-
D,KIATAWF1,0.0,21.242,264.7051675000001,688.2527624999999,-,-,-,-,-,-,-,-,-,-,-,-,-,-,-,-
D,LKBONNY3,19.27387,19.27387,0,0,-,-,-,-,-,-,-,-,-,-,-,-,-,-,-,-
D,MACKAYGT,0.0,0.0,0,0,-,-,-,-,-,-,13.0,13.0,-,-,-,-,-,-,-,-
D,NBHWF1,48.1,48.1,0,0,-,-,-,-,-,-,-,-,-,-,-,-,-,-,-,-
D,PARSF1,33.142,33.142,0,0,-,-,-,-,-,-,-,-,-,-,-,-,-,-,-,-
D,POR03,0.0,0.0,0.0,0.0,-,-,-,-,-,-,-,-,-,-,-,-,-,-,-,-
D,QPS1,0.0,0.0,0,0,-,-,-,-,-,-,-,-,-,-,-,-,-,-,-,-
D,QPS4,0.0,0.0,0,0,-,-,-,-,-,-,-,-,-,-,-,-,-,-,-,-
D,ROMA_7,0.0,0.0,0,0,-,-,-,-,-,-,-,-,-,-,-,-,-,-,-,-
D,RT_NSW5,0.0,0.0,0,0,-,-,-,-,-,-,-,-,-,-,-,-,-,-,-,-
D,RT_VIC5,0.0,0.0,0,0,-,-,-,-,-,-,-,-,-,-,-,-,-,-,-,-
D,RT_VIC9,0.0,0.0,0,0,-,-,-,-,-,-,-,-,-,-,-,-,-,-,-,-
D,SHGEN,0.0,0.0,842.5864558333333,962.5864558333333,-,-,-,-,-,-,-,-,-,-,-,-,-,-,-,-
D,SNOWYGJP,0,0.0,0,0,-,-,0.0,0.0,0.0,0.0,0.0,0.0,-,-,-,-,-,-,-,-
D,SNUG1,0.0,0.0,0.0,0.0,-,-,-,-,-,-,-,-,-,-,-,-,-,-,-,-
D,TARONG#1,175.0,175.0,0,0,0,0.0,0,0.0,0,0.0,0,0.0,0,0.0,0,0.0,0,0.0,0,0.0
D,TARRALEA,75.2,75.2,0,0,-,-,-,-,-,-,-,-,-,-,0,0.0,-,-,-,-
D,WOODLWN1,33.817,33.817,0,0,-,-,-,-,-,-,-,-,-,-,-,-,-,-,-,-
D,YARWUN_1,0.0,0.0,0,0,-,-,-,-,-,-,-,-,-,-,-,-,-,-,-,-
D,BANN1,48.006,48.006,0,0,-,-,-,-,-,-,-,-,-,-,-,-,-,-,-,-
D,CG3,0.0,0.0,0.0,0.0,-,-,-,-,-,-,-,-,-,-,-,-,-,-,-,-
D,DDSF1,38.839,38.839,0,0,-,-,-,-,-,-,-,-,-,-,-,-,-,-,-,-
D,DG_NSW1,0.0,0.0,0,0,-,-,-,-,-,-,-,-,-,-,-,-,-,-,-,-
D,DRYCGT1,0.0,0.0,0.0,0.0,-,-,-,-,-,-,-,-,-,-,-,-,-,-,-,-
D,DUNDWF1,45.878,45.878,0,0,-,-,-,-,-,-,-,-,-,-,-,-,-,-,-,-
D,GANNBL1,0.0,10.0,100.0,185.66666666666663,0.0,10.0,-,-,-,-,-,-,0,0.0,-,-,-,-,-,-
D,HAMISF1,29.827,29.827,0,0,-,-,-,-,-,-,-,-,-,-,-,-,-,-,-,-
D,HAUGHT11,49.322,49.322,766.6615833333328,766.6615833333328,-,-,-,-,-,-,-,-,-,-,-,-,-,-,-,-
D,KAREEYA1,0.0,0.0,0,0,-,-,-,-,-,-,-,-,-,-,-,-,-,-,-,-
D,KAREEYA3,22.0,22.0,0,0,-,-,-,-,-,-,-,-,-,-,-,-,-,-,-,-
D,KARSF1,63.023,63.023,0,0,-,-,-,-,-,-,-,-,-,-,-,-,-,-,-,-
D,KPP_1,630.0,630.0,0,0,-,-,-,-,-,-,-,-,-,-,-,-,-,-,-,-
D,LGAPWF1,120.0,124.612,0,0,-,-,-,-,-,-,-,-,-,-,-,-,-,-,-,-
D,LILYSF1,67.216,67.216,0,0,-,-,-,-,-,-,-,-,-,-,-,-,-,-,-,-
D,LNGS2,0.0,0.0,0.0,0.0,-,-,-,-,-,-,-,-,-,-,-,-,-,-,-,-
D,MEWF1,40.555,40.555,0,0,-,-,-,-,-,-,-,-,-,-,-,-,-,-,-,-
D,MINTARO,0.0,0.0,0.0,0.0,-,-,-,-,-,-,-,-,-,-,-,-,-,-,-,-
D,MPP_1,435.0,435.0,0,0,0,0.0,-,-,-,-,-,-,0,0.0,-,-,-,-,-,-
D,MSTUART2,0.0,0.0,0.0,0.0,0,0.0,-,-,-,-,-,-,0,0.0,-,-,-,-,-,-
D,OAKEY1SF,14.687,14.687,0,0,-,-,-,-,-,-,-,-,-,-,-,-,-,-,-,-
D,PTSTAN1,0.0,0.0,0.0,0.0,-,-,-,-,-,-,-,-,-,-,-,-,-,-,-,-
D,RT_NSW3,0.0,0.0,0,0,-,-,-,-,-,-,-,-,-,-,-,-,-,-,-,-
D,RT_SA3,0.0,0.0,0,0,-,-,-,-,-,-,-,-,-,-,-,-,-,-,-,-
D,RT_TAS1,0.0,0.0,0,0,-,-,-,-,-,-,-,-,-,-,-,-,-,-,-,-
D,RT_VIC10,0.0,0.0,0,0,-,-,-,-,-,-,-,-,-,-,-,-,-,-,-,-
D,SNOWSTH1,58.818,58.818,0,0,-,-,-,-,-,-,-,-,-,-,-,-,-,-,-,-
D,VPGS1,0.0,0.0,0.0,0.0,-,-,-,-,-,-,-,-,-,-,-,-,-,-,-,-
D,WEMENSF1,52.348,52.348,0,0,-,-,-,-,-,-,-,-,-,-,-,-,-,-,-,-
D,BBTHREE3,0.0,0.0,0,0,-,-,-,-,-,-,-,-,-,-,-,-,-,-,-,-
D,CLARESF1,45.157,45.157,0,0,-,-,-,-,-,-,-,-,-,-,-,-,-,-,-,-
D,CROOKWF2,77.251,77.251,0,0,-,-,-,-,-,-,-,-,-,-,-,-,-,-,-,-
D,DG_SA1,0.0,0.0,0,0,-,-,-,-,-,-,-,-,-,-,-,-,-,-,-,-
D,HALLWF1,42.534,42.534,0,0,-,-,-,-,-,-,-,-,-,-,-,-,-,-,-,-
D,HUMENSW,0.0,0.0,0,0,-,-,-,-,-,-,-,-,-,-,-,-,-,-,-,-
D,HUMEV,0.0,0.0,0,0,-,-,-,-,-,-,-,-,-,-,-,-,-,-,-,-
D,JLA02,0.0,0.0,0,0,-,-,-,-,-,-,-,-,-,-,-,-,-,-,-,-
D,NEVERSF1,0.0,0.0,0,0,-,-,-,-,-,-,-,-,-,-,-,-,-,-,-,-
D,QPS3,0.0,0.0,0,0,-,-,-,-,-,-,-,-,-,-,-,-,-,-,-,-
D,ROMA_8,0.0,0.0,0,0,-,-,-,-,-,-,-,-,-,-,-,-,-,-,-,-
D,RT_NSW4,0.0,0.0,0,0,-,-,-,-,-,-,-,-,-,-,-,-,-,-,-,-
D,RT_QLD1,0.0,0.0,0,0,-,-,-,-,-,-,-,-,-,-,-,-,-,-,-,-
D,RT_SA4,0.0,0.0,0,0,-,-,-,-,-,-,-,-,-,-,-,-,-,-,-,-
D,RT_VIC7,0.0,0.0,0,0,-,-,-,-,-,-,-,-,-,-,-,-,-,-,-,-
D,SAPHWF1,22.596,22.596,0,0,-,-,-,-,-,-,-,-,-,-,-,-,-,-,-,-
D,SHPUMP,40.0,0.0,0,0,-,-,-,-,-,-,-,-,-,-,-,-,-,-,-,-
D,SMCSF1,14.617,14.617,0,0,-,-,-,-,-,-,-,-,-,-,-,-,-,-,-,-
D,TBSF1,0.0,47.0,0,0,-,-,-,-,-,-,-,-,-,-,-,-,-,-,-,-
D,TVPP104,0.0,0.0,0,0,-,-,-,-,-,-,-,-,-,-,-,-,-,-,-,-
D,URANQ12,0.0,0.0,0,0,-,-,-,-,-,-,-,-,-,-,-,-,-,-,-,-
D,VPGS3,0.0,0.0,0.0,0.0,-,-,-,-,-,-,-,-,-,-,-,-,-,-,-,-
D,VPGS5,0.0,0.0,0.0,0.0,-,-,-,-,-,-,-,-,-,-,-,-,-,-,-,-
D,YABULU,83.0,83.0,2083.193458333333,1670.1934583333334,-,-,-,-,-,-,-,-,-,-,-,-,-,-,-,-
D,YABULU2,0.0,0.0,0.0,0.0,-,-,-,-,-,-,-,-,-,-,-,-,-,-,-,-
D,YENDWF1,102.971,102.971,0,0,-,-,-,-,-,-,-,-,-,-,-,-,-,-,-,-
D,ANGAST1,0.0,0.0,0.0,47.41585,-,-,-,-,-,-,-,-,-,-,-,-,-,-,-,-
D,BALDHWF1,69.944,69.944,0,0,-,-,-,-,-,-,-,-,-,-,-,-,-,-,-,-
D,BARRON-2,5.0,25.0,0,0,-,-,-,-,-,-,-,-,-,-,-,-,-,-,-,-
D,BBTHREE1,0.0,0.0,0,0,-,-,-,-,-,-,-,-,-,-,-,-,-,-,-,-
D,BLOWERNG,0.0,0.0,0.0,0.0,-,-,-,-,-,-,-,-,-,-,-,-,-,-,-,-
D,BNGSF2,84.074,84.074,0,0,-,-,-,-,-,-,-,-,-,-,-,-,-,-,-,-
D,BOMENSF1,48.417,48.417,0,0,-,-,-,-,-,-,-,-,-,-,-,-,-,-,-,-
D,COLEASF1,80.732,80.732,0,0,-,-,-,-,-,-,-,-,-,-,-,-,-,-,-,-
D,DG_TAS1,0.0,0.0,0,0,-,-,-,-,-,-,-,-,-,-,-,-,-,-,-,-
D,DUNDWF2,8.553,8.553,0,0,-,-,-,-,-,-,-,-,-,-,-,-,-,-,-,-
D,DUNDWF3,70.092,70.092,0,0,-,-,-,-,-,-,-,-,-,-,-,-,-,-,-,-
D,GANNSF1,32.638,32.638,0,0,-,-,-,-,-,-,-,-,-,-,-,-,-,-,-,-
D,JLA04,0.0,0.0,0,0,-,-,-,-,-,-,-,-,-,-,-,-,-,-,-,-
D,JLB03,0.0,0.0,0,0,-,-,-,-,-,-,-,-,-,-,-,-,-,-,-,-
D,KIAMSF1,0.0,0.0,0,0,-,-,-,-,-,-,-,-,-,-,-,-,-,-,-,-
D,RT_SA1,0.0,0.0,0,0,-,-,-,-,-,-,-,-,-,-,-,-,-,-,-,-
D,RT_SA2,0.0,0.0,0,0,-,-,-,-,-,-,-,-,-,-,-,-,-,-,-,-
D,RT_SA5,0.0,0.0,0,0,-,-,-,-,-,-,-,-,-,-,-,-,-,-,-,-
D,RT_VIC2,0.0,0.0,0,0,-,-,-,-,-,-,-,-,-,-,-,-,-,-,-,-
D,TALWA1,0.0,0.0,0,0,-,-,-,-,-,-,-,-,-,-,-,-,-,-,-,-
D,URANQ13,0.0,0.0,0,0,-,-,-,-,-,-,-,-,-,-,-,-,-,-,-,-
D,URANQ14,0.0,0.0,0,0,-,-,-,-,-,-,-,-,-,-,-,-,-,-,-,-
D,BDL02,0.0,0.0,0,0,-,-,-,-,-,-,-,-,-,-,-,-,-,-,-,-
D,CG1,0.0,0.0,0.0,0.0,-,-,-,-,-,-,-,-,-,-,-,-,-,-,-,-
D,CLEMGPWF,12.463,12.463,0,0,-,-,-,-,-,-,-,-,-,-,-,-,-,-,-,-
D,CSPVPS1,14.797,14.797,0,0,-,-,-,-,-,-,-,-,-,-,-,-,-,-,-,-
D,DAYDSF1,72.753,72.753,0,0,-,-,-,-,-,-,-,-,-,-,-,-,-,-,-,-
D,DG_VIC1,0.0,0.0,0,0,-,-,-,-,-,-,-,-,-,-,-,-,-,-,-,-
D,ELAINWF1,56.845,56.845,0,0,-,-,-,-,-,-,-,-,-,-,-,-,-,-,-,-
D,GRANWF1,0.0,0.0,0,0,-,-,-,-,-,-,-,-,-,-,-,-,-,-,-,-
D,JLA03,0.0,0.0,0,0,-,-,-,-,-,-,-,-,-,-,-,-,-,-,-,-
D,LADBROK2,0.0,0.0,0,0,-,-,-,-,-,-,-,-,-,-,-,-,-,-,-,-
D,LIMOSF11,0.769,0.769,0,0,-,-,-,-,-,-,-,-,-,-,-,-,-,-,-,-
D,MACARTH1,0.0,0.0,0,0,-,-,-,-,-,-,-,-,-,-,-,-,-,-,-,-
D,MERCER01,111.9,111.9,0,0,-,-,-,-,-,-,-,-,-,-,-,-,-,-,-,-
D,NUMURSF1,50.403,50.403,0,0,-,-,-,-,-,-,-,-,-,-,-,-,-,-,-,-
D,RRSF1,64.662,64.662,0,0,-,-,-,-,-,-,-,-,-,-,-,-,-,-,-,-
D,RT_NSW6,0.0,0.0,0,0,-,-,-,-,-,-,-,-,-,-,-,-,-,-,-,-
D,RT_VIC1,0.0,0.0,0,0,-,-,-,-,-,-,-,-,-,-,-,-,-,-,-,-
D,RT_VIC11,0.0,0.0,0,0,-,-,-,-,-,-,-,-,-,-,-,-,-,-,-,-
D,SALTCRK1,30.839,30.839,0,0,-,-,-,-,-,-,-,-,-,-,-,-,-,-,-,-
D,TNPS1,443.0,443.0,0,0,-,-,-,-,-,-,-,-,-,-,-,-,-,-,-,-
D,WATERLWF,24.526,24.526,0,0,-,-,-,-,-,-,-,-,-,-,-,-,-,-,-,-
